_C_17e8_5a27b147_100 8c 0 278 0 0 3d202564 0 6e637920 0 4c617465 0 69746520 0 53205772 0 6e204341 0 20776865 0 616c6964 0 6f742076 0 6973206e 0 20256420 0 6379203d 0 6174656e 0 4153204c 0 523a2043 0 4552524f 0 20257420 0 74696d65 0 20617420 0 256d3a 
_C_17e8_5a27b147_c8 8c 0 180 0 0 79202574 0 25732062 0 206f6e20 0 74696f6e 0 696f6c61 0 50572076 0 3a207449 0 52524f52 0 25742045 0 696d6520 0 61742074 0 256d3a20 
_C_17e8_5a27b147_60 8c 0 180 0 0 3d202564 0 52747420 0 4f445420 0 67616c20 0 496c6c65 0 20256420 0 3a202573 0 52524f52 0 25742045 0 696d6520 0 61742074 0 256d3a20 
_C_17e8_5a27b147_3d 8c 0 178 0 0 67202573 0 7572696e 0 6f6e2064 0 6c617469 0 2076696f 0 74585052 0 523a2020 0 4552524f 0 20257420 0 74696d65 0 20617420 0 256d3a 
_C_17e8_5a27b147_c4 8c 0 238 0 0 3d202568 0 61746120 0 25682064 0 6c203d20 0 6820636f 0 203d2025 0 20726f77 0 3d202568 0 616e6b20 0 533d2062 0 40204451 0 49544520 0 3a205752 0 494e464f 0 20257420 0 74696d65 0 20617420 0 256d3a 
_C_17e8_5a27b147_2b 8c 0 198 0 0 67202573 0 7572696e 0 6f6e2064 0 6c617469 0 2076696f 0 5044454e 0 74414354 0 523a2020 0 4552524f 0 20257420 0 74696d65 0 20617420 0 256d3a 
_C_17e8_5a27b147_48 8c 0 1a0 0 0 61766564 0 65726c65 0 20496e74 0 6572203d 0 204f7264 0 75727374 0 25642042 0 20257320 0 4e464f3a 0 25742049 0 696d6520 0 61742074 0 256d3a20 
_C_17e8_5a27b147_142 9c 0 20 0 40a38800 
_C_17e8_5a27b147_3f 8c 0 188 0 0 6f202573 0 6f722074 0 20707269 0 206f6666 0 74206265 0 206d7573 0 204f4454 0 524f523a 0 74204552 0 6d652025 0 74207469 0 6d3a2061 0 25 
_C_17e8_5a27b147_3c 8c 0 1b8 0 0 67202573 0 7572696e 0 6f6e2064 0 6c617469 0 2076696f 0 696d756d 0 206d6178 0 74524643 0 523a2020 0 4552524f 0 20257420 0 74696d65 0 20617420 0 256d3a 
_C_17e8_5a27b147_11b 8c 0 188 0 0 79202574 0 44542062 0 6f6e204f 0 696f6e20 0 6f6c6174 0 57207669 0 20744950 0 524f523a 0 74204552 0 6d652025 0 74207469 0 6d3a2061 0 25 
_C_17e8_5a27b147_c9 8c 0 1c0 0 0 79202574 0 25642062 0 62697420 0 20444d20 0 6e206f6e 0 6174696f 0 76696f6c 0 74444820 0 3a202020 0 52524f52 0 25742045 0 696d6520 0 61742074 0 256d3a20 
_C_17e8_5a27b147_7c 8c 0 1e0 0 0 726d616c 0 3d204e6f 0 75726520 0 65726174 0 54656d70 0 65736820 0 52656672 0 656c6620 0 25642053 0 20257320 0 4e464f3a 0 25742049 0 696d6520 0 61742074 0 256d3a20 
_C_17e8_5a27b147_257 8c 0 38 0 0 52202030 0 414444 
_C_17e8_5a27b147_258 8c 0 38 0 0 52202031 0 414444 
_C_17e8_5a27b147_36 8c 0 180 0 0 67202573 0 7572696e 0 6f6e2064 0 6c617469 0 2076696f 0 5a514353 0 3a202074 0 52524f52 0 25742045 0 696d6520 0 61742074 0 256d3a20 
_C_17e8_5a27b147_259 8c 0 38 0 0 52202032 0 414444 
_C_17e8_5a27b147_25a 8c 0 38 0 0 52202033 0 414444 
_C_17e8_5a27b147_25b 8c 0 38 0 0 52202034 0 414444 
_C_17e8_5a27b147_25c 8c 0 38 0 0 52202035 0 414444 
_C_17e8_5a27b147_6c 8c 0 168 0 0 3d202564 0 6f666620 0 616c2051 0 6c6c6567 0 25642049 0 20257320 0 524f523a 0 74204552 0 6d652025 0 74207469 0 6d3a2061 0 25 
_C_17e8_5a27b147_25d 8c 0 38 0 0 52202036 0 414444 
_C_17e8_5a27b147_ee 8c 0 1d8 0 0 74696f6e 0 616e7369 0 54207472 0 67204f44 0 7572696e 0 6f6e2064 0 6c617469 0 2076696f 0 744d4f44 0 523a2020 0 4552524f 0 20257420 0 74696d65 0 20617420 0 256d3a 
_C_17e8_5a27b147_25e 8c 0 38 0 0 52202037 0 414444 
_C_17e8_5a27b147_7d 8c 0 1f0 0 0 6e646564 0 45787465 0 65203d20 0 61747572 0 6d706572 0 68205465 0 66726573 0 66205265 0 2053656c 0 73202564 0 4f3a2025 0 20494e46 0 65202574 0 2074696d 0 3a206174 0 256d 
_C_17e8_5a27b147_116 8c 0 1e8 0 0 79202574 0 4c4b2062 0 6f6e2043 0 696f6e20 0 6f6c6174 0 6d207669 0 78696d75 0 29206d61 0 28617667 0 2074434c 0 524f523a 0 74204552 0 6d652025 0 74207469 0 6d3a2061 0 25 
_C_17e8_5a27b147_25f 8c 0 38 0 0 52202038 0 414444 
_C_17e8_5a27b147_8d 8c 0 250 0 0 2025642e 0 62616e6b 0 20746f20 0 756c6564 0 63686564 0 69732073 0 72676520 0 65636861 0 6f205072 0 20417574 0 72652e20 0 61696c75 0 25732046 0 4f523a20 0 20455252 0 65202574 0 2074696d 0 3a206174 0 256d 
_C_17e8_5a27b147_260 8c 0 38 0 0 52202039 0 414444 
_C_17e8_5a27b147_d8 8c 0 190 0 0 74202564 0 73206269 0 6f6e2025 0 696f6e20 0 6f6c6174 0 48207669 0 74445153 0 4f523a20 0 20455252 0 65202574 0 2074696d 0 3a206174 0 256d 
_C_17e8_5a27b147_33 8c 0 190 0 0 67202573 0 7572696e 0 6f6e2064 0 6c617469 0 2076696f 0 5044454e 0 20745244 0 4f523a20 0 20455252 0 65202574 0 2074696d 0 3a206174 0 256d 
_C_17e8_5a27b147_aa 8c 0 2d8 0 0 6976652e 0 20616374 0 676f6573 0 434b4520 0 6f726520 0 20626566 0 74697665 0 696e6163 0 6f657320 0 5f4e2067 0 20525354 0 66746572 0 65642061 0 71756972 0 73207265 0 75732069 0 35303020 0 4e473a20 0 41524e49 0 25742057 0 696d6520 0 61742074 0 256d20 
_C_17e8_5a27b147_fc 8c 0 190 0 0 79202574 0 4b452062 0 6f6e2043 0 696f6e20 0 6f6c6174 0 53207669 0 20207449 0 4f523a20 0 20455252 0 65202574 0 2074696d 0 3a206174 0 256d 
_C_17e8_5a27b147_ea 8c 0 1e8 0 0 79202574 0 4c4b2062 0 6f6e2043 0 696f6e20 0 6f6c6174 0 6d207669 0 78696d75 0 29206d61 0 28617667 0 20744348 0 524f523a 0 74204552 0 6d652025 0 74207469 0 6d3a2061 0 25 
_C_17e8_5a27b147_5e 8c 0 168 0 0 626c6564 0 44697361 0 74203d20 0 54205274 0 64204f44 0 25732025 0 464f3a20 0 7420494e 0 6d652025 0 74207469 0 6d3a2061 0 25 
_C_17e8_5a27b147_38 8c 0 188 0 0 67202573 0 7572696e 0 6f6e2064 0 6c617469 0 2076696f 0 50444c4c 0 20207458 0 524f523a 0 74204552 0 6d652025 0 74207469 0 6d3a2061 0 25 
_C_17e8_5a27b147_98 8c 0 1f0 0 0 696f6e2e 0 72757074 0 6e746572 0 73742069 0 20627572 0 6567616c 0 20496c6c 0 72652e20 0 61696c75 0 25732046 0 4f523a20 0 20455252 0 65202574 0 2074696d 0 3a206174 0 256d 
_C_17e8_5a27b147_c7 8c 0 180 0 0 79202574 0 25732062 0 206f6e20 0 74696f6e 0 696f6c61 0 49482076 0 3a202074 0 52524f52 0 25742045 0 696d6520 0 61742074 0 256d3a20 
_C_17e8_5a27b147_247 8c 0 48 0 0 73682020 0 65667265 0 52 
_C_464e_5a28d264_1 9c 0 20 eb851eb9 406fa851 
_C_17e8_5a27b147_83 8c 0 1a0 0 0 3d202564 0 4f445420 0 6d696320 0 44796e61 0 67616c20 0 496c6c65 0 20256420 0 3a202573 0 52524f52 0 25742045 0 696d6520 0 61742074 0 256d3a20 
_C_17e8_5a27b147_93 94 0 20 0 0 3fff 
_C_17e8_5a27b147_74 8c 0 1f0 0 0 6e6b2037 0 3d204261 0 65736820 0 52656672 0 656c6620 0 61792053 0 20417272 0 7469616c 0 20506172 0 73202564 0 4f3a2025 0 20494e46 0 65202574 0 2074696d 0 3a206174 0 256d 
_C_17e8_5a27b147_58 8c 0 198 0 0 3d202564 0 626c6520 0 20456e61 0 20444c4c 0 6567616c 0 20496c6c 0 73202564 0 523a2025 0 4552524f 0 20257420 0 74696d65 0 20617420 0 256d3a 
_C_17e8_5a27b147_71 8c 0 200 0 0 20322d37 0 42616e6b 0 68203d20 0 66726573 0 66205265 0 2053656c 0 72726179 0 616c2041 0 61727469 0 25642050 0 20257320 0 4e464f3a 0 25742049 0 696d6520 0 61742074 0 256d3a20 
_C_17e8_5a27b147_70 8c 0 1f0 0 0 6e6b2030 0 3d204261 0 65736820 0 52656672 0 656c6620 0 61792053 0 20417272 0 7469616c 0 20506172 0 73202564 0 4f3a2025 0 20494e46 0 65202574 0 2074696d 0 3a206174 0 256d 
_C_17e8_5a27b147_9e 8c 0 2e0 0 0 6561642e 0 65722052 0 67697374 0 65205265 0 72706f73 0 74697075 0 204d756c 0 72696e67 0 6f206475 0 207a6572 0 74206265 0 206d7573 0 313a305d 0 6464725b 0 2e202061 0 6c757265 0 20466169 0 3a202573 0 52524f52 0 25742045 0 696d6520 0 61742074 0 256d3a20 
_C_17e8_5a27b147_115 8c 0 1e8 0 0 79202574 0 4c4b2062 0 6f6e2043 0 696f6e20 0 6f6c6174 0 6d207669 0 6e696d75 0 29206d69 0 28617667 0 2074434c 0 524f523a 0 74204552 0 6d652025 0 74207469 0 6d3a2061 0 25 
_C_17e8_5a27b147_68 8c 0 180 0 0 626c6564 0 20456e61 0 6c65203d 0 456e6162 0 44515320 0 25642054 0 20257320 0 4e464f3a 0 25742049 0 696d6520 0 61742074 0 256d3a20 
_C_17e8_5a27b147_27 8c 0 1d0 0 0 6b202564 0 2062616e 0 7320746f 0 6e672025 0 64757269 0 696f6e20 0 6f6c6174 0 43207669 0 20207452 0 4f523a20 0 20455252 0 65202574 0 2074696d 0 3a206174 0 256d 
_C_17e8_5a27b147_e9 8c 0 1e8 0 0 79202574 0 4c4b2062 0 6f6e2043 0 696f6e20 0 6f6c6174 0 6d207669 0 6e696d75 0 29206d69 0 28617667 0 20744348 0 524f523a 0 74204552 0 6d652025 0 74207469 0 6d3a2061 0 25 
_C_17e8_5a27b147_9a 94 0 20 0 0 3ff 
_C_17e8_5a27b147_ba 8c 0 290 0 0 6c65642e 0 69736162 0 62652064 0 75737420 0 6572206d 0 67697374 0 65205265 0 72706f73 0 74697075 0 204d756c 0 72652e20 0 61696c75 0 776e2046 0 7220446f 0 506f7765 0 4f523a20 0 20455252 0 65202574 0 2074696d 0 3a206174 0 256d 
_C_17e8_5a27b147_8f 8c 0 1d0 0 0 6b202564 0 2062616e 0 7320746f 0 6e672025 0 64757269 0 696f6e20 0 6f6c6174 0 57207669 0 20744641 0 4f523a20 0 20455252 0 65202574 0 2074696d 0 3a206174 0 256d 
_C_17e8_5a27b147_ec 8c 0 180 0 0 79202574 0 44542062 0 6f6e204f 0 696f6e20 0 6f6c6174 0 53207669 0 3a207449 0 52524f52 0 25742045 0 696d6520 0 61742074 0 256d3a20 
_C_17e8_5a27b147_b7 8c 0 268 0 0 72657368 0 20526566 0 53656c66 0 72617920 0 6c204172 0 72746961 0 6f205061 0 75652074 0 73742064 0 65206c6f 0 6c6c2062 0 35207769 0 7320302d 0 42616e6b 0 464f3a20 0 7420494e 0 6d652025 0 74207469 0 6d3a2061 0 25 
_C_17e8_5a27b147_146 9c 0 20 0 4090bc00 
_C_17e8_5a27b147_2f 8c 0 1e8 0 0 6b202564 0 2062616e 0 7320746f 0 6e672025 0 64757269 0 696f6e20 0 6f6c6174 0 47207669 0 43445f44 0 20207443 0 524f523a 0 74204552 0 6d652025 0 74207469 0 6d3a2061 0 25 
_C_17e8_5a27b147_ac 8c 0 2d8 0 0 6574652e 0 6f6d706c 0 69732063 0 6e636520 0 65717565 0 6f6e2073 0 7a617469 0 69616c69 0 696e6974 0 74686520 0 74696c20 0 6520756e 0 63746976 0 696e2061 0 72656d61 0 75737420 0 4b45206d 0 523a2043 0 4552524f 0 20257420 0 74696d65 0 20617420 0 256d3a 
_C_17e8_5a27b147_13a 9c 0 20 66666666 3fe66666 
_C_17e8_5a27b147_77 8c 0 1d0 0 0 3d202564 0 6e637920 0 4c617465 0 69746520 0 53205772 0 6c204341 0 6c656761 0 6420496c 0 25732025 0 4f523a20 0 20455252 0 65202574 0 2074696d 0 3a206174 0 256d 
_C_17e8_5a27b147_40 8c 0 200 0 0 6765642e 0 63686172 0 20507265 0 74206265 0 206d7573 0 616e6b73 0 6c6c2062 0 2e202041 0 6c757265 0 20466169 0 3a202573 0 52524f52 0 25742045 0 696d6520 0 61742074 0 256d3a20 
_C_17e8_5a27b147_a 8c 0 d8 0 0 7465642e 0 73736572 0 6e642041 0 6f6d6d61 0 61642043 0 3a205265 0 97462 
_C_17e8_5a27b147_249 8c 0 48 0 0 61746520 0 63746976 0 41 
_C_17e8_5a27b147_24f 8c 0 48 0 0 52656620 0 656c6620 0 53 
_C_17e8_5a27b147_7b 8c 0 1d0 0 0 3d202564 0 65736820 0 52656672 0 656c6620 0 746f2053 0 6c204175 0 6c656761 0 6420496c 0 25732025 0 4f523a20 0 20455252 0 65202574 0 2074696d 0 3a206174 0 256d 
_C_17e8_5a27b147_23 8c 0 1d0 0 0 6b202564 0 2062616e 0 7320746f 0 6e672025 0 64757269 0 696f6e20 0 6f6c6174 0 50207669 0 20207452 0 4f523a20 0 20455252 0 65202574 0 2074696d 0 3a206174 0 256d 
_C_13c4_5a2b0142_1 8c 0 e8 0 0 46554c21 0 43455353 0 20535543 0 21205550 0 4f574552 0 6c3a2050 0 636e7472 0 9 
_C_17e8_5a27b147_13b 9c 0 20 70a3d70a 3fc70a3d 
_C_17e8_5a27b147_ff 8c 0 1c0 0 0 3d202566 0 76672920 0 434b2861 0 6c204074 0 6c656761 0 7320696c 0 25642069 0 4c203d20 0 3a204357 0 52524f52 0 25742045 0 696d6520 0 61742074 0 256d3a20 
_C_17e8_5a27b147_d6 8c 0 1b8 0 0 2025642e 0 20626974 0 20445153 0 6e206f6e 0 6174696f 0 76696f6c 0 53454e20 0 574c4451 0 523a2074 0 4552524f 0 20257420 0 74696d65 0 20617420 0 256d3a 
_C_17e8_5a27b147_156 84 0 8 0 0 fc 
_C_17e8_5a27b147_157 84 0 8 0 0 fe 
_C_17e8_5a27b147_11 8c 0 130 0 0 74617465 0 6c652073 0 6d206964 0 2066726f 0 206e6f70 0 72696e67 0 69676765 0 3a207472 0 6e74726c 0 963 
_C_17e8_5a27b147_147 9c 0 20 0 408d4c00 
_C_17e8_5a27b147_5f 8c 0 158 0 0 204f686d 0 3d202564 0 52747420 0 4f445420 0 20256420 0 3a202573 0 494e464f 0 20257420 0 74696d65 0 20617420 0 256d3a 
_C_17e8_5a27b147_155 84 0 8 0 0 f0 
_C_17e8_5a27b147_14b 94 0 40 0 0 42f2ac0 0 0 
_C_17e8_5a27b147_78 8c 0 1b8 0 0 626c6564 0 44697361 0 68203d20 0 66726573 0 66205265 0 2053656c 0 4175746f 0 20256420 0 3a202573 0 494e464f 0 20257420 0 74696d65 0 20617420 0 256d3a 
_C_17e8_5a27b147_204 9c 0 20 33333333 3fd33333 
_C_17e8_5a27b147_185 84 0 7 0 0 3 
_C_17e8_5a27b147_126 84 0 5 0 0 1 
_C_17e8_5a27b147_208 84 0 6 0 0 2 
_C_17e8_5a27b147_86 8c 0 210 0 0 626c6564 0 44697361 0 65203d20 0 6e61626c 0 65722045 0 67697374 0 65205265 0 72706f73 0 74695075 0 204d756c 0 73202564 0 4f3a2025 0 20494e46 0 65202574 0 2074696d 0 3a206174 0 256d 
_C_17e8_5a27b147_184 84 0 7 0 0 2 
_C_17e8_5a27b147_152 84 0 4 0 0 1 
_C_17e8_5a27b147_124 84 0 5 0 0 0 
_C_17e8_5a27b147_209 84 0 6 0 0 3 
_C_17e8_5a27b147_183 84 0 7 0 0 1 
_C_17e8_5a27b147_153 84 0 4 0 0 2 
_C_17e8_5a27b147_128 84 0 5 0 0 3 
_C_17e8_5a27b147_202 84 0 6 0 0 0 
_C_17e8_5a27b147_182 84 0 7 0 0 0 
_C_17e8_5a27b147_159 84 0 8 0 0 f 
_C_17e8_5a27b147_127 84 0 5 0 0 2 
_C_17e8_5a27b147_207 84 0 6 0 0 1 
_C_17e8_5a27b147_14e 84 0 2 0 0 2 
_C_17e8_5a27b147_12a 84 0 5 0 0 5 
_C_17e8_5a27b147_5c 94 0 20 0 0 30 
_C_17e8_5a27b147_189 84 0 7 0 0 7 
_C_17e8_5a27b147_20c 84 0 6 0 0 6 
_C_17e8_5a27b147_24b 8c 0 48 0 0 20202020 0 65616420 0 52 
_C_17e8_5a27b147_129 84 0 5 0 0 4 
_C_17e8_5a27b147_188 84 0 7 0 0 6 
_C_17e8_5a27b147_20d 84 0 6 0 0 7 
_C_17e8_5a27b147_c 8c 0 f8 0 0 65746521 0 6f6d706c 0 63792043 0 6174656e 0 7465204c 0 20577269 0 74726c3a 0 9636e 
_C_17e8_5a27b147_14c 84 0 2 0 0 0 
_C_17e8_5a27b147_12c 84 0 5 0 0 7 
_C_17e8_5a27b147_187 84 0 7 0 0 5 
_C_17e8_5a27b147_20a 84 0 6 0 0 4 
_C_17e8_5a27b147_151 84 0 3 0 0 0 
_C_17e8_5a27b147_14d 84 0 2 0 0 1 
_C_17e8_5a27b147_12b 84 0 5 0 0 6 
_C_17e8_5a27b147_186 84 0 7 0 0 4 
_C_17e8_5a27b147_20b 84 0 6 0 0 5 
_C_17e8_5a27b147_15c 84 0 4 0 0 8 
_C_17e8_5a27b147_12e 84 0 5 0 0 9 
_C_17e8_5a27b147_18d 84 0 7 0 0 b 
_C_17e8_5a27b147_210 84 0 6 0 0 a 
_C_17e8_5a27b147_154 84 0 4 0 0 9 
_C_17e8_5a27b147_12d 84 0 5 0 0 8 
_C_17e8_5a27b147_18c 84 0 7 0 0 a 
_C_17e8_5a27b147_211 84 0 6 0 0 b 
_C_17e8_5a27b147_130 84 0 5 0 0 b 
_C_17e8_5a27b147_18b 84 0 7 0 0 9 
_C_17e8_5a27b147_20e 84 0 6 0 0 8 
_C_17e8_5a27b147_12f 84 0 5 0 0 a 
_C_17e8_5a27b147_18a 84 0 7 0 0 8 
_C_17e8_5a27b147_20f 84 0 6 0 0 9 
_C_17e8_5a27b147_162 9c 0 20 0 405d0000 
_C_17e8_5a27b147_132 84 0 5 0 0 d 
_C_17e8_5a27b147_191 84 0 7 0 0 f 
_C_17e8_5a27b147_214 84 0 6 0 0 e 
_C_17e8_5a27b147_131 84 0 5 0 0 c 
_C_17e8_5a27b147_190 84 0 7 0 0 e 
_C_17e8_5a27b147_215 84 0 6 0 0 f 
_C_17e8_5a27b147_134 84 0 5 0 0 f 
_C_17e8_5a27b147_18f 84 0 7 0 0 d 
_C_17e8_5a27b147_212 84 0 6 0 0 c 
_C_17e8_5a27b147_158 84 0 8 0 0 3 
_C_17e8_5a27b147_133 84 0 5 0 0 e 
_C_17e8_5a27b147_18e 84 0 7 0 0 c 
_C_17e8_5a27b147_213 84 0 6 0 0 d 
_C_17e8_5a27b147_171 84 0 5 0 0 11 
_C_17e8_5a27b147_195 84 0 7 0 0 13 
_C_17e8_5a27b147_218 84 0 6 0 0 12 
_C_17e8_5a27b147_b0 8c 0 2a8 0 0 6574652e 0 6f6d706c 0 6f742063 0 6973206e 0 6e636520 0 65717565 0 6f6e2073 0 7a617469 0 69616c69 0 496e6974 0 652e2020 0 696c7572 0 68204661 0 66726573 0 66205265 0 2053656c 0 524f523a 0 74204552 0 6d652025 0 74207469 0 6d3a2061 0 25 
_C_17e8_5a27b147_170 84 0 5 0 0 10 
_C_17e8_5a27b147_194 84 0 7 0 0 12 
_C_17e8_5a27b147_219 84 0 6 0 0 13 
_C_17e8_5a27b147_173 84 0 5 0 0 13 
_C_17e8_5a27b147_193 84 0 7 0 0 11 
_C_17e8_5a27b147_216 84 0 6 0 0 10 
_C_17e8_5a27b147_172 84 0 5 0 0 12 
_C_17e8_5a27b147_192 84 0 7 0 0 10 
_C_17e8_5a27b147_217 84 0 6 0 0 11 
_C_17e8_5a27b147_175 84 0 5 0 0 15 
_C_17e8_5a27b147_13c 94 0 20 0 0 20 
_C_17e8_5a27b147_199 84 0 7 0 0 17 
_C_17e8_5a27b147_21c 84 0 6 0 0 16 
_C_17e8_5a27b147_174 84 0 5 0 0 14 
_C_17e8_5a27b147_198 84 0 7 0 0 16 
_C_17e8_5a27b147_21d 84 0 6 0 0 17 
_C_17e8_5a27b147_177 84 0 5 0 0 17 
_C_17e8_5a27b147_5b 94 0 20 0 0 22 
_C_17e8_5a27b147_197 84 0 7 0 0 15 
_C_17e8_5a27b147_21a 84 0 6 0 0 14 
_C_17e8_5a27b147_26 8c 0 210 0 0 6b202564 0 2062616e 0 7320746f 0 6e672025 0 64757269 0 696f6e20 0 6f6c6174 0 6d207669 0 6e696d75 0 53206d69 0 20745241 0 4f523a20 0 20455252 0 65202574 0 2074696d 0 3a206174 0 256d 
_C_17e8_5a27b147_176 84 0 5 0 0 16 
_C_17e8_5a27b147_196 84 0 7 0 0 14 
_C_17e8_5a27b147_21b 84 0 6 0 0 15 
_C_17e8_5a27b147_17b 84 0 5 0 0 19 
_C_17e8_5a27b147_19d 84 0 7 0 0 1b 
_C_17e8_5a27b147_220 84 0 6 0 0 1a 
_C_17e8_5a27b147_17a 84 0 5 0 0 18 
_C_17e8_5a27b147_19c 84 0 7 0 0 1a 
_C_17e8_5a27b147_221 84 0 6 0 0 1b 
_C_17e8_5a27b147_17d 84 0 5 0 0 1b 
_C_17e8_5a27b147_19b 84 0 7 0 0 19 
_C_17e8_5a27b147_21e 84 0 6 0 0 18 
_C_17e8_5a27b147_17c 84 0 5 0 0 1a 
_C_17e8_5a27b147_19a 84 0 7 0 0 18 
_C_17e8_5a27b147_21f 84 0 6 0 0 19 
_C_17e8_5a27b147_17f 84 0 5 0 0 1d 
_C_17e8_5a27b147_5a 94 0 20 0 0 28 
_C_17e8_5a27b147_1a1 84 0 7 0 0 1f 
_C_17e8_5a27b147_224 84 0 6 0 0 1e 
_C_17e8_5a27b147_17e 84 0 5 0 0 1c 
_C_17e8_5a27b147_1a0 84 0 7 0 0 1e 
_C_17e8_5a27b147_225 84 0 6 0 0 1f 
_C_17e8_5a27b147_181 84 0 5 0 0 1f 
_C_17e8_5a27b147_19f 84 0 7 0 0 1d 
_C_17e8_5a27b147_222 84 0 6 0 0 1c 
_C_17e8_5a27b147_223 84 0 6 0 0 1d 
_C_17e8_5a27b147_19e 84 0 7 0 0 1c 
_C_17e8_5a27b147_122 94 0 40 0 0 4b 0 0 
_C_17e8_5a27b147_180 84 0 5 0 0 1e 
_C_17e8_5a27b147_43 8c 0 160 0 0 3d202564 0 67746820 0 204c656e 0 75727374 0 25642042 0 20257320 0 4e464f3a 0 25742049 0 696d6520 0 61742074 0 256d3a20 
_C_17e8_5a27b147_228 84 0 6 0 0 22 
_C_17e8_5a27b147_1a5 84 0 7 0 0 23 
_C_17e8_5a27b147_229 84 0 6 0 0 23 
_C_17e8_5a27b147_1a4 84 0 7 0 0 22 
_C_17e8_5a27b147_226 84 0 6 0 0 20 
_C_17e8_5a27b147_1a3 84 0 7 0 0 21 
_C_17e8_5a27b147_227 84 0 6 0 0 21 
_C_17e8_5a27b147_1a2 84 0 7 0 0 20 
_C_17e8_5a27b147_19 84 0 22 0 0 5 0 0 
_C_17e8_5a27b147_22c 84 0 6 0 0 26 
_C_17e8_5a27b147_1a9 84 0 7 0 0 27 
_C_17e8_5a27b147_1a 84 0 22 0 5 7 0 0 
_C_17e8_5a27b147_22d 84 0 6 0 0 27 
_C_17e8_5a27b147_1a8 84 0 7 0 0 26 
_C_17e8_5a27b147_22a 84 0 6 0 0 24 
_C_17e8_5a27b147_1a7 84 0 7 0 0 25 
_C_17e8_5a27b147_18 84 0 22 0 4 4 0 0 
_C_17e8_5a27b147_13f 9c 0 20 147ae148 3fd147ae 
_C_17e8_5a27b147_22b 84 0 6 0 0 25 
_C_17e8_5a27b147_1a6 84 0 7 0 0 24 
_C_17e8_5a27b147_1b 84 0 22 0 0 1 0 0 
_C_17e8_5a27b147_f6 8c 0 400 0 0 626c652e 0 6f737369 0 69732070 0 6e636520 0 69737461 0 20726573 0 74696f6e 0 6d696e61 0 20746572 0 6520696e 0 68616e67 0 75732063 0 726f6e6f 0 796e6368 0 72206173 0 7573206f 0 726f6e6f 0 796e6368 0 2e202053 0 74696f6e 0 616e7369 0 54207472 0 67204f44 0 7572696e 0 4c4c2064 0 74585044 0 4e473a20 0 41524e49 0 25742057 0 696d6520 0 61742074 0 256d3a20 
_C_17e8_5a27b147_230 84 0 6 0 0 2a 
_C_17e8_5a27b147_1ad 84 0 7 0 0 2b 
_C_17e8_5a27b147_231 84 0 6 0 0 2b 
_C_17e8_5a27b147_1ac 84 0 7 0 0 2a 
_C_17e8_5a27b147_be 8c 0 298 0 0 6976652e 0 6e616374 0 65732069 0 4520676f 0 6e20434b 0 20776865 0 69726564 0 72657175 0 20697320 0 72657368 0 20526566 0 2c206f72 0 6c656374 0 44657365 0 4f502c20 0 523a204e 0 4552524f 0 20257420 0 74696d65 0 20617420 0 256d3a 
_C_17e8_5a27b147_22e 84 0 6 0 0 28 
_C_17e8_5a27b147_1ab 84 0 7 0 0 29 
_C_17e8_5a27b147_61 8c 0 180 0 0 3d202564 0 6e637920 0 4c617465 0 69766520 0 64646974 0 25642041 0 20257320 0 4e464f3a 0 25742049 0 696d6520 0 61742074 0 256d3a20 
_C_17e8_5a27b147_22f 84 0 6 0 0 29 
_C_17e8_5a27b147_1aa 84 0 7 0 0 28 
_C_17e8_5a27b147_ad 8c 0 2a0 0 0 6c65642e 0 69736162 0 62652064 0 75737420 0 6572206d 0 67697374 0 65205265 0 72706f73 0 74697075 0 204d756c 0 72652e20 0 61696c75 0 73682046 0 65667265 0 6c662052 0 3a205365 0 52524f52 0 25742045 0 696d6520 0 61742074 0 256d3a20 
_C_17e8_5a27b147_234 84 0 6 0 0 2e 
_C_17e8_5a27b147_1b1 84 0 7 0 0 2f 
_C_17e8_5a27b147_235 84 0 6 0 0 2f 
_C_17e8_5a27b147_1b0 84 0 7 0 0 2e 
_C_17e8_5a27b147_141 94 0 39 0 0 0 0 0 
_C_17e8_5a27b147_ab 8c 0 1c0 0 0 6c657465 0 636f6d70 0 20697320 0 656e6365 0 53657175 0 696f6e20 0 697a6174 0 7469616c 0 20496e69 0 4e464f3a 0 25742049 0 696d6520 0 61742074 0 256d3a20 
_C_17e8_5a27b147_232 84 0 6 0 0 2c 
_C_17e8_5a27b147_1af 84 0 7 0 0 2d 
_C_7373_5a29921b_1 8c 0 140 0 0 55524544 0 4e464947 0 5920434f 0 46554c4c 0 43455353 0 20535543 0 20524547 0 4d4f4445 0 726c3a20 0 9636e74 
_C_17e8_5a27b147_233 84 0 6 0 0 2d 
_C_17e8_5a27b147_1ae 84 0 7 0 0 2c 
_C_17e8_5a27b147_238 84 0 6 0 0 32 
_C_17e8_5a27b147_1b5 84 0 7 0 0 33 
_C_17e8_5a27b147_50 8c 0 170 0 0 3d202564 0 65727920 0 65636f76 0 74652052 0 20577269 0 73202564 0 4f3a2025 0 20494e46 0 65202574 0 2074696d 0 3a206174 0 256d 
_C_17e8_5a27b147_239 84 0 6 0 0 33 
_C_17e8_5a27b147_1b4 84 0 7 0 0 32 
_C_17e8_5a27b147_236 84 0 6 0 0 30 
_C_17e8_5a27b147_1b3 84 0 7 0 0 31 
_C_17e8_5a27b147_237 84 0 6 0 0 31 
_C_17e8_5a27b147_1b2 84 0 7 0 0 30 
_C_17e8_5a27b147_14f 94 0 20 0 0 7 
_C_17e8_5a27b147_15a 84 0 8 0 0 3f 
_C_17e8_5a27b147_8b 8c 0 b8 0 0 3a202573 0 494e464f 0 20257420 0 74696d65 0 20617420 0 256d3a 
_C_17e8_5a27b147_23c 84 0 6 0 0 36 
_C_17e8_5a27b147_1b9 84 0 7 0 0 37 
_C_17e8_5a27b147_1c 94 0 20 0 0 0 
_C_17e8_5a27b147_23d 84 0 6 0 0 37 
_C_17e8_5a27b147_1b8 84 0 7 0 0 36 
_C_17e8_5a27b147_e2 94 0 20 0 0 1 
_C_17e8_5a27b147_248 8c 0 48 0 0 61726765 0 72656368 0 50 
_C_17e8_5a27b147_23a 84 0 6 0 0 34 
_C_17e8_5a27b147_1b7 84 0 7 0 0 35 
_C_17e8_5a27b147_d 8c 0 108 0 0 54415445 0 53482053 0 45465245 0 4c462052 0 4e205345 0 4f572049 0 6c3a204e 0 636e7472 0 9 
_C_17e8_5a27b147_23b 84 0 6 0 0 35 
_C_17e8_5a27b147_1b6 84 0 7 0 0 34 
_C_17e8_5a27b147_9d 8c 0 190 0 0 2025732e 0 72696e67 0 6e206475 0 6174696f 0 76696f6c 0 4c4c4b20 0 3a207444 0 4e494e47 0 20574152 0 65202574 0 2074696d 0 3a206174 0 256d 
_C_17e8_5a27b147_240 84 0 6 0 0 3a 
_C_17e8_5a27b147_1bd 84 0 7 0 0 3b 
_C_17e8_5a27b147_51 8c 0 1b8 0 0 3d202564 0 65727920 0 65636f76 0 74652052 0 20577269 0 6567616c 0 20496c6c 0 73202564 0 523a2025 0 4552524f 0 20257420 0 74696d65 0 20617420 0 256d3a 
_C_17e8_5a27b147_241 84 0 6 0 0 3b 
_C_17e8_5a27b147_1bc 84 0 7 0 0 3a 
_C_17e8_5a27b147_17 94 0 20 0 0 d 
_C_17e8_5a27b147_23e 84 0 6 0 0 38 
_C_17e8_5a27b147_1bb 84 0 7 0 0 39 
_C_17e8_5a27b147_23f 84 0 6 0 0 39 
_C_17e8_5a27b147_1ba 84 0 7 0 0 38 
_C_17e8_5a27b147_120 84 0 3f 0 0 0 0 0 
_C_17e8_5a27b147_75 8c 0 218 0 0 3d202564 0 65736820 0 52656672 0 656c6620 0 61792053 0 20417272 0 7469616c 0 20506172 0 6567616c 0 20496c6c 0 73202564 0 523a2025 0 4552524f 0 20257420 0 74696d65 0 20617420 0 256d3a 
_C_17e8_5a27b147_244 84 0 6 0 0 3e 
_C_17e8_5a27b147_1c1 84 0 7 0 0 3f 
_C_17e8_5a27b147_140 84 0 38 0 0 0 0 0 
_C_17e8_5a27b147_148 9c 0 20 0 0 
_C_17e8_5a27b147_150 94 0 20 0 0 8 
_C_17e8_5a27b147_34 8c 0 190 0 0 67202573 0 7572696e 0 6f6e2064 0 6c617469 0 2076696f 0 696e6974 0 20745a51 0 4f523a20 0 20455252 0 65202574 0 2074696d 0 3a206174 0 256d 
_C_17e8_5a27b147_245 84 0 6 0 0 3f 
_C_17e8_5a27b147_1c0 84 0 7 0 0 3e 
_C_17e8_5a27b147_242 84 0 6 0 0 3c 
_C_17e8_5a27b147_1bf 84 0 7 0 0 3d 
_C_17e8_5a27b147_243 84 0 6 0 0 3d 
_C_17e8_5a27b147_1be 84 0 7 0 0 3c 
_C_17e8_5a27b147_16 94 0 20 0 0 b 
_C_17e8_5a27b147_1c5 84 0 7 0 0 43 
_C_17e8_5a27b147_178 94 0 40 0 0 14 0 0 
_C_17e8_5a27b147_1c4 84 0 7 0 0 42 
_C_17e8_5a27b147_1c3 84 0 7 0 0 41 
_C_17e8_5a27b147_1c2 84 0 7 0 0 40 
_C_17e8_5a27b147_1c9 84 0 7 0 0 47 
_C_17e8_5a27b147_16b 84 0 40 0 ffffffff ffffffff ffffffff ffffffff 
_C_17e8_5a27b147_f3 8c 0 210 0 0 6573682e 0 52656672 0 656c6620 0 6e672053 0 64757269 0 696f6e20 0 6e736974 0 20747261 0 204f4454 0 6567616c 0 20496c6c 0 4f523a20 0 20455252 0 65202574 0 2074696d 0 3a206174 0 256d 
_C_17e8_5a27b147_1c8 84 0 7 0 0 46 
_C_17e8_5a27b147_1c7 84 0 7 0 0 45 
_C_17e8_5a27b147_55 8c 0 180 0 0 626c6564 0 44697361 0 65203d20 0 6e61626c 0 4c4c2045 0 25642044 0 20257320 0 4e464f3a 0 25742049 0 696d6520 0 61742074 0 256d3a20 
_C_17e8_5a27b147_1c6 84 0 7 0 0 44 
_C_17e8_5a27b147_1cd 84 0 7 0 0 4b 
_C_17e8_5a27b147_1cc 84 0 7 0 0 4a 
_C_17e8_5a27b147_1cb 84 0 7 0 0 49 
_C_17e8_5a27b147_1ca 84 0 7 0 0 48 
_C_17e8_5a27b147_1d1 84 0 7 0 0 4f 
_C_17e8_5a27b147_1d0 84 0 7 0 0 4e 
_C_17e8_5a27b147_1cf 84 0 7 0 0 4d 
_C_17e8_5a27b147_1ce 84 0 7 0 0 4c 
_C_17e8_5a27b147_5d 8c 0 1f0 0 0 3d202564 0 67746820 0 7472656e 0 76652053 0 20447269 0 74707574 0 6c204f75 0 6c656761 0 6420496c 0 25732025 0 4f523a20 0 20455252 0 65202574 0 2074696d 0 3a206174 0 256d 
_C_17e8_5a27b147_1d5 84 0 7 0 0 53 
_C_17e8_5a27b147_206 94 0 40 0 0 5 0 0 
_C_17e8_5a27b147_1d4 84 0 7 0 0 52 
_C_17e8_5a27b147_42 8c 0 2c8 0 0 7a65726f 0 20746f20 0 6d6d6564 0 6f677261 0 65207072 0 73742062 0 73206d75 0 20626974 0 62616e6b 0 76656420 0 65736572 0 2e202052 0 616c7565 0 616c2076 0 6c6c6567 0 25642049 0 20257320 0 524f523a 0 74204552 0 6d652025 0 74207469 0 6d3a2061 0 25 
_C_17e8_5a27b147_3b 8c 0 188 0 0 67202573 0 7572696e 0 6f6e2064 0 6c617469 0 2076696f 0 53444c4c 0 20207458 0 524f523a 0 74204552 0 6d652025 0 74207469 0 6d3a2061 0 25 
_C_17e8_5a27b147_1d3 84 0 7 0 0 51 
_C_17e8_5a27b147_f1 8c 0 1d8 0 0 74696f6e 0 616e7369 0 54207472 0 67204f44 0 7572696e 0 6f6e2064 0 6c617469 0 2076696f 0 5a516373 0 523a2074 0 4552524f 0 20257420 0 74696d65 0 20617420 0 256d3a 
_C_17e8_5a27b147_1d2 84 0 7 0 0 50 
_C_17e8_5a27b147_1d9 84 0 7 0 0 57 
_C_17e8_5a27b147_1d8 84 0 7 0 0 56 
_C_17e8_5a27b147_1d7 84 0 7 0 0 55 
_C_17e8_5a27b147_e5 8c 0 2c0 0 0 6e747279 0 776e2045 0 7220446f 0 506f7765 0 72676520 0 65636861 0 72205072 0 7368206f 0 65667265 0 6c662052 0 67205365 0 7572696e 0 6f6e2064 0 6c617469 0 2076696f 0 4b535245 0 3a207443 0 52524f52 0 25742045 0 696d6520 0 61742074 0 256d3a20 
_C_17e8_5a27b147_1d6 84 0 7 0 0 54 
_C_17e8_5a27b147_1dd 84 0 7 0 0 5b 
_C_17e8_5a27b147_a4 8c 0 450 0 0 626c652e 0 6f737369 0 69732070 0 6e636520 0 69737461 0 20726573 0 74696f6e 0 6d696e61 0 20746572 0 6520696e 0 68616e67 0 75732063 0 726f6e6f 0 796e6368 0 72206173 0 7573206f 0 726f6e6f 0 796e6368 0 2e202053 0 45786974 0 6f776e20 0 65722044 0 20506f77 0 72696e67 0 6e206475 0 6174696f 0 76696f6c 0 4e504420 0 3a207441 0 4e494e47 0 20574152 0 65202574 0 2074696d 0 3a206174 0 256d 
_C_17e8_5a27b147_1dc 84 0 7 0 0 5a 
_C_17e8_5a27b147_1db 84 0 7 0 0 59 
_C_17e8_5a27b147_1da 84 0 7 0 0 58 
_C_17e8_5a27b147_1e1 84 0 7 0 0 5f 
_C_17e8_5a27b147_1e0 84 0 7 0 0 5e 
_C_17e8_5a27b147_1df 84 0 7 0 0 5d 
_C_17e8_5a27b147_1de 84 0 7 0 0 5c 
_C_17e8_5a27b147_1e5 84 0 7 0 0 63 
_C_17e8_5a27b147_168 9c 0 20 0 40590000 
_C_17e8_5a27b147_1e4 84 0 7 0 0 62 
_C_17e8_5a27b147_1e3 84 0 7 0 0 61 
_C_17e8_5a27b147_119 8c 0 188 0 0 79202574 0 4b452062 0 6f6e2043 0 696f6e20 0 6f6c6174 0 57207669 0 20744950 0 524f523a 0 74204552 0 6d652025 0 74207469 0 6d3a2061 0 25 
_C_17e8_5a27b147_11c 8c 0 228 0 0 6976652e 0 6e616374 0 65732069 0 4e20676f 0 5253545f 0 6f726520 0 20626566 0 69726564 0 72657175 0 20697320 0 30207573 0 3a203230 0 4e494e47 0 20574152 0 65202574 0 2074696d 0 6d206174 0 25 
_C_17e8_5a27b147_1e2 84 0 7 0 0 60 
_C_17e8_5a27b147_1e9 84 0 7 0 0 67 
_C_17e8_5a27b147_1e8 84 0 7 0 0 66 
_C_17e8_5a27b147_1e7 84 0 7 0 0 65 
_C_17e8_5a27b147_1e6 84 0 7 0 0 64 
_C_17e8_5a27b147_bd 8c 0 178 0 0 6e746572 0 776e2045 0 7220446f 0 506f7765 0 72676520 0 65636861 0 3a205072 0 494e464f 0 20257420 0 74696d65 0 20617420 0 256d3a 
_C_17e8_5a27b147_54 8c 0 1c0 0 0 3d202564 0 6f646520 0 776e204d 0 7220446f 0 506f7765 0 67616c20 0 496c6c65 0 20256420 0 3a202573 0 52524f52 0 25742045 0 696d6520 0 61742074 0 256d3a20 
_C_17e8_5a27b147_1ed 84 0 7 0 0 6b 
_C_17e8_5a27b147_1ec 84 0 7 0 0 6a 
_C_17e8_5a27b147_90 8c 0 258 0 0 6574652e 0 6f6d706c 0 6f742063 0 6973206e 0 6e636520 0 65717565 0 6f6e2073 0 7a617469 0 69616c69 0 496e6974 0 652e2020 0 696c7572 0 73204661 0 523a2025 0 4552524f 0 20257420 0 74696d65 0 20617420 0 256d3a 
_C_17e8_5a27b147_1eb 84 0 7 0 0 69 
_C_17e8_5a27b147_269 8c 0 28 0 0 51535f4e 0 44 
_C_17e8_5a27b147_1ea 84 0 7 0 0 68 
_C_17e8_5a27b147_1f1 84 0 7 0 0 6f 
_C_17e8_5a27b147_4c 8c 0 2e0 0 0 7a65726f 0 20746f20 0 6d6d6564 0 6f677261 0 65207072 0 73742062 0 73206d75 0 20626974 0 72657373 0 20616464 0 72766564 0 52657365 0 652e2020 0 76616c75 0 67616c20 0 496c6c65 0 20256420 0 3a202573 0 52524f52 0 25742045 0 696d6520 0 61742074 0 256d3a20 
_C_17e8_5a27b147_1f0 84 0 7 0 0 6e 
_C_17e8_5a27b147_1ef 84 0 7 0 0 6d 
_C_17e8_5a27b147_1ee 84 0 7 0 0 6c 
_C_17e8_5a27b147_b9 8c 0 3f0 0 0 626c652e 0 6f737369 0 69732070 0 6e636520 0 69737461 0 20726573 0 74696f6e 0 6d696e61 0 20746572 0 6520696e 0 68616e67 0 75732063 0 726f6e6f 0 796e6368 0 72206173 0 7573206f 0 726f6e6f 0 796e6368 0 20202053 0 2025732e 0 72696e67 0 6e206475 0 6174696f 0 76696f6c 0 4e504420 0 3a207441 0 4e494e47 0 20574152 0 65202574 0 2074696d 0 3a206174 0 256d 
_C_17e8_5a27b147_1f5 84 0 7 0 0 73 
_C_17e8_5a27b147_1f4 84 0 7 0 0 72 
_C_17e8_5a27b147_1f3 84 0 7 0 0 71 
_C_17e8_5a27b147_1f2 84 0 7 0 0 70 
_C_17e8_5a27b147_15b 84 0 8 0 0 7f 
_C_17e8_5a27b147_1f9 84 0 7 0 0 77 
_C_17e8_5a27b147_15e 9c 0 20 0 4055c000 
_C_17e8_5a27b147_1f8 84 0 7 0 0 76 
_C_17e8_5a27b147_e7 8c 0 268 0 0 7265642e 0 65717569 0 69732052 0 73657420 0 4c205265 0 2020444c 0 7465642e 0 65746563 0 67652064 0 4368616e 0 6e637920 0 65717565 0 6b204672 0 436c6f63 0 464f3a20 0 7420494e 0 6d652025 0 74207469 0 6d3a2061 0 25 
_C_17e8_5a27b147_e 8c 0 128 0 0 54415445 0 52592053 0 20454e54 0 444f574e 0 57455220 0 4e20504f 0 4f572049 0 6c3a204e 0 636e7472 0 9 
_C_17e8_5a27b147_1f7 84 0 7 0 0 75 
_C_17e8_5a27b147_1f6 84 0 7 0 0 74 
_C_17e8_5a27b147_139 94 0 40 0 0 23 0 0 
_C_17e8_5a27b147_10 8c 0 e0 0 0 46554c21 0 43455353 0 20535543 0 52205550 0 504f5745 0 726c3a20 0 9636e74 
_C_17e8_5a27b147_1fd 84 0 7 0 0 7b 
_C_17e8_5a27b147_d4 8c 0 1b0 0 0 79202574 0 25642062 0 62697420 0 20445120 0 6e206f6e 0 6174696f 0 76696f6c 0 74445320 0 4f523a20 0 20455252 0 65202574 0 2074696d 0 3a206174 0 256d 
_C_17e8_5a27b147_1fc 84 0 7 0 0 7a 
_C_17e8_5a27b147_de 8c 0 148 0 0 74202564 0 65642061 0 6661696c 0 616e6620 0 20667363 0 524f523a 0 74204552 0 6d652025 0 74207469 0 6d3a2061 0 25 
_C_17e8_5a27b147_8 8c 0 e0 0 0 7465642e 0 73736572 0 6e642041 0 6f6d6d61 0 74652043 0 20577269 0 974623a 
_C_17e8_5a27b147_1fb 84 0 7 0 0 79 
_C_17e8_5a27b147_a7 8c 0 1f0 0 0 45786974 0 65736820 0 52656672 0 656c6620 0 6e672053 0 64757269 0 696f6e20 0 6f6c6174 0 52207669 0 74495358 0 4f523a20 0 20455252 0 65202574 0 2074696d 0 3a206174 0 256d 
_C_17e8_5a27b147_1fa 84 0 7 0 0 78 
_C_17e8_5a27b147_125 84 0 80 0 0 ff 0 0 0 0 0 0 
_C_17e8_5a27b147_af 8c 0 2d8 0 0 72657368 0 20526566 0 53656c66 0 696e6720 0 6e746572 0 746f2065 0 696f7220 0 66207072 0 65206f66 0 73742062 0 54206d75 0 20204f44 0 7572652e 0 4661696c 0 65736820 0 52656672 0 656c6620 0 523a2053 0 4552524f 0 20257420 0 74696d65 0 20617420 0 256d3a 
_C_17e8_5a27b147_201 84 0 7 0 0 7f 
_C_17e8_5a27b147_11f 84 0 78 0 0 0 0 0 0 0 0 0 
_C_17e8_5a27b147_b8 8c 0 268 0 0 72657368 0 20526566 0 53656c66 0 72617920 0 6c204172 0 72746961 0 6f205061 0 75652074 0 73742064 0 65206c6f 0 6c6c2062 0 36207769 0 7320302d 0 42616e6b 0 464f3a20 0 7420494e 0 6d652025 0 74207469 0 6d3a2061 0 25 
_C_17e8_5a27b147_200 84 0 7 0 0 7e 
_C_17e8_5a27b147_1ff 84 0 7 0 0 7d 
_C_17e8_5a27b147_1fe 84 0 7 0 0 7c 
_C_17e8_5a27b147_db 8c 0 18 0 0 77622b 
_C_17e8_5a27b147_e0 8c 0 220 0 0 746d702e 0 6e67202f 0 20757369 0 6965642c 0 65636966 0 6e207370 0 7074696f 0 7461206f 0 6c5f6461 0 6d6f6465 0 6e6f202b 0 4e473a20 0 41524e49 0 25742057 0 696d6520 0 61742074 0 256d3a20 
_C_17e8_5a27b147_123 94 0 40 0 0 1d6 0 0 
_C_17e8_5a27b147_c2 8c 0 190 0 0 74202564 0 73206269 0 6f6e2025 0 696f6e20 0 6f6c6174 0 53207669 0 74445153 0 4f523a20 0 20455252 0 65202574 0 2074696d 0 3a206174 0 256d 
_C_17e8_5a27b147_102 8c 0 178 0 0 67202573 0 7572696e 0 6f6e2064 0 6c617469 0 2076696f 0 74575452 0 523a2020 0 4552524f 0 20257420 0 74696d65 0 20617420 0 256d3a 
_C_17e8_5a27b147_bf 8c 0 368 0 0 7265642e 0 65717569 0 69732072 0 65637420 0 6573656c 0 6f722044 0 4e4f5020 0 792e2020 0 456e7472 0 65736820 0 52656672 0 656c6620 0 6f722053 0 6f776e20 0 65722044 0 20506f77 0 72696e67 0 6e206475 0 6174696f 0 76696f6c 0 44454420 0 20744350 0 524f523a 0 74204552 0 6d652025 0 74207469 0 6d3a2061 0 25 
_C_17e8_5a27b147_15d 9c 0 20 0 40528000 
_C_17e8_5a27b147_136 9c 0 20 b851eb85 3fdb851e 
_C_17e8_5a27b147_203 9c 0 20 cccccccd 3feccccc 
_C_17e8_5a27b147_7 8c 0 148 0 0 7465642e 0 73736572 0 6e642041 0 6f6d6d61 0 72792043 0 20456e74 0 72657368 0 20526566 0 53656c66 0 74623a20 0 9 
_C_17e8_5a27b147_32 8c 0 1d0 0 0 6b202564 0 2062616e 0 7320746f 0 6e672025 0 64757269 0 696f6e20 0 6f6c6174 0 50207669 0 20745254 0 4f523a20 0 20455252 0 65202574 0 2074696d 0 3a206174 0 256d 
_C_17e8_5a27b147_268 8c 0 28 0 0 51532020 0 44 
_C_17e8_5a27b147_cb 8c 0 1c0 0 0 79202574 0 25642062 0 62697420 0 20445120 0 6e206f6e 0 6174696f 0 76696f6c 0 74444820 0 3a202020 0 52524f52 0 25742045 0 696d6520 0 61742074 0 256d3a20 
_C_17e8_5a27b147_e4 8c 0 260 0 0 6174652e 0 6e207374 0 6b6e6f77 0 6e20756e 0 746f2061 0 20676f20 0 6420746f 0 6c6f7765 0 7420616c 0 65206e6f 0 4e206172 0 20434b5f 0 20616e64 0 3a20434b 0 52524f52 0 25742045 0 696d6520 0 61742074 0 256d3a20 
_C_17e8_5a27b147_144 9c 0 20 0 40977000 
_C_17e8_5a27b147_31 8c 0 190 0 0 67202573 0 7572696e 0 6f6e2064 0 6c617469 0 2076696f 0 5044454e 0 20745752 0 4f523a20 0 20455252 0 65202574 0 2074696d 0 3a206174 0 256d 
_C_17e8_5a27b147_91 8c 0 1f0 0 0 6765642e 0 63686172 0 20507265 0 74206265 0 206d7573 0 6b202564 0 2042616e 0 72652e20 0 61696c75 0 25732046 0 4f523a20 0 20455252 0 65202574 0 2074696d 0 3a206174 0 256d 
_C_17e8_5a27b147_9 8c 0 1d0 0 0 3d202564 0 20647120 0 2025642c 0 646d203d 0 20256820 0 6f77203d 0 25682c72 0 6e203d20 0 6f6c756d 0 25642c63 0 6b203d20 0 3a62616e 0 72697465 0 623a2057 0 974 
_C_17e8_5a27b147_fb 8c 0 358 0 0 626c652e 0 6f737369 0 69732070 0 75726520 0 63617074 0 20434b20 0 6e617465 0 65726d69 0 6e646574 0 20202049 0 6467652e 0 76652065 0 73697469 0 6420706f 0 69742025 0 51532062 0 6f6e2044 0 696f6e20 0 6f6c6174 0 48207669 0 2074574c 0 494e473a 0 5741524e 0 20257420 0 74696d65 0 20617420 0 256d3a 
_C_17e8_5a27b147_15f 9c 0 20 0 40584000 
_C_17e8_5a27b147_24d 8c 0 48 0 0 20202020 0 6f204f70 0 4e 
_C_17e8_5a27b147_7a 8c 0 1f0 0 0 656c6564 0 206d6f64 0 206e6f74 0 68206973 0 66726573 0 66205265 0 2053656c 0 4175746f 0 20256420 0 3a202573 0 4e494e47 0 20574152 0 65202574 0 2074696d 0 3a206174 0 256d 
_C_17e8_5a27b147_b 8c 0 138 0 0 72746564 0 41737365 0 616e6420 0 436f6d6d 0 78697420 0 73682045 0 65667265 0 6c662052 0 3a205365 0 97462 
_C_17e8_5a27b147_8e 8c 0 f8 0 0 6b202564 0 2062616e 0 3a202573 0 494e464f 0 20257420 0 74696d65 0 20617420 0 256d3a 
_C_17e8_5a27b147_24a 8c 0 48 0 0 20202020 0 72697465 0 57 
_C_17e8_5a27b147_3e 8c 0 170 0 0 67202573 0 7572696e 0 6f6e2064 0 6c617469 0 2076696f 0 4f44544c 0 4f523a20 0 20455252 0 65202574 0 2074696d 0 3a206174 0 256d 
_C_17e8_5a27b147_4b 8c 0 1a0 0 0 3d202564 0 6e637920 0 4c617465 0 43415320 0 67616c20 0 496c6c65 0 20256420 0 3a202573 0 52524f52 0 25742045 0 696d6520 0 61742074 0 256d3a20 
_C_17e8_5a27b147_252 8c 0 38 0 0 5f4e2020 0 434153 
_C_17e8_5a27b147_b5 8c 0 268 0 0 72657368 0 20526566 0 53656c66 0 72617920 0 6c204172 0 72746961 0 6f205061 0 75652074 0 73742064 0 65206c6f 0 6c6c2062 0 31207769 0 7320302d 0 42616e6b 0 464f3a20 0 7420494e 0 6d652025 0 74207469 0 6d3a2061 0 25 
_C_17e8_5a27b147_117 8c 0 1b8 0 0 79202574 0 6f6e2062 0 6c617469 0 2076696f 0 69647468 0 73652077 0 2070756c 0 53545f4e 0 523a2052 0 4552524f 0 20257420 0 74696d65 0 20617420 0 256d3a 
_C_17e8_5a27b147_72 8c 0 200 0 0 20342d37 0 42616e6b 0 68203d20 0 66726573 0 66205265 0 2053656c 0 72726179 0 616c2041 0 61727469 0 25642050 0 20257320 0 4e464f3a 0 25742049 0 696d6520 0 61742074 0 256d3a20 
_C_17e8_5a27b147_a5 8c 0 1f8 0 0 45786974 0 65736820 0 52656672 0 656c6620 0 6e672053 0 64757269 0 696f6e20 0 6f6c6174 0 58207669 0 434b5352 0 523a2074 0 4552524f 0 20257420 0 74696d65 0 20617420 0 256d3a 
_C_17e8_5a27b147_8a 8c 0 250 0 0 6c65642e 0 69736162 0 62652064 0 75737420 0 6572206d 0 67697374 0 65205265 0 72706f73 0 74697075 0 204d756c 0 72652e20 0 61696c75 0 25732046 0 4f523a20 0 20455252 0 65202574 0 2074696d 0 3a206174 0 256d 
_C_17e8_5a27b147_1 8c 0 c0 0 0 74696f6e 0 6d756c61 0 65207369 0 67207468 0 7274696e 0 9537461 
_C_17e8_5a27b147_95 8c 0 1d0 0 0 6b202564 0 2062616e 0 7320746f 0 6e672025 0 64757269 0 696f6e20 0 6f6c6174 0 57207669 0 20745254 0 4f523a20 0 20455252 0 65202574 0 2074696d 0 3a206174 0 256d 
_C_17e8_5a27b147_6a 8c 0 150 0 0 626c6564 0 44697361 0 66203d20 0 20516f66 0 73202564 0 4f3a2025 0 20494e46 0 65202574 0 2074696d 0 3a206174 0 256d 
_C_17e8_5a27b147_11e 8c 0 2d8 0 0 6976652e 0 6e616374 0 65732069 0 4e20676f 0 5253545f 0 6f726520 0 20626566 0 30206e73 0 6f722031 0 76652066 0 61637469 0 6420696e 0 61696e65 0 61696e74 0 6265206d 0 75737420 0 4b45206d 0 523a2043 0 4552524f 0 20257420 0 74696d65 0 20617420 0 256d3a 
_C_17e8_5a27b147_14 8c 0 60 0 0 64657320 0 726c3a20 0 9636e74 
_C_17e8_5a27b147_149 9c 0 20 0 bff00000 
_C_17e8_5a27b147_35 8c 0 190 0 0 67202573 0 7572696e 0 6f6e2064 0 6c617469 0 2076696f 0 6f706572 0 20745a51 0 4f523a20 0 20455252 0 65202574 0 2074696d 0 3a206174 0 256d 
_C_17e8_5a27b147_166 9c 0 20 0 40608000 
_C_17e8_5a27b147_145 9c 0 20 0 40938800 
_C_17e8_5a27b147_c1 8c 0 2c8 0 0 696f642e 0 20706572 0 6c6f636b 0 6e672063 0 63656469 0 20707265 0 20746865 0 72696e67 0 64206475 0 75697265 0 20726571 0 65646765 0 696e6720 0 61746368 0 2564206c 0 62697420 0 20257320 0 524f523a 0 74204552 0 6d652025 0 74207469 0 6d3a2061 0 25 
_C_17e8_5a27b147_d5 8c 0 1c0 0 0 74202564 0 73206269 0 6f6e2025 0 64676520 0 6e672065 0 74636869 0 64206c61 0 76616c69 0 3a20496e 0 52524f52 0 25742045 0 696d6520 0 61742074 0 256d3a20 
_C_17e8_5a27b147_cc 8c 0 1c0 0 0 79202574 0 25642062 0 62697420 0 20445120 0 6e206f6e 0 6174696f 0 76696f6c 0 49505720 0 3a207444 0 52524f52 0 25742045 0 696d6520 0 61742074 0 256d3a20 
_C_17e8_5a27b147_81 8c 0 188 0 0 626c6564 0 44697361 0 54203d20 0 63204f44 0 6e616d69 0 64204479 0 25732025 0 464f3a20 0 7420494e 0 6d652025 0 74207469 0 6d3a2061 0 25 
_C_17e8_5a27b147_1f 8c 0 178 0 0 67202573 0 7572696e 0 6f6e2064 0 6c617469 0 2076696f 0 744d5244 0 523a2020 0 4552524f 0 20257420 0 74696d65 0 20617420 0 256d3a 
_C_17e8_5a27b147_20 8c 0 178 0 0 67202573 0 7572696e 0 6f6e2064 0 6c617469 0 2076696f 0 744d4f44 0 523a2020 0 4552524f 0 20257420 0 74696d65 0 20617420 0 256d3a 
_C_17e8_5a27b147_9b 8c 0 1c8 0 0 65202564 0 68617267 0 70726563 0 75746f20 0 682c2061 0 6f6c2025 0 25642063 0 616e6b20 0 25732062 0 464f3a20 0 7420494e 0 6d652025 0 74207469 0 6d3a2061 0 25 
_C_17e8_5a27b147_16e 9c 0 20 0 41238800 
_C_17e8_5a27b147_169 9c 0 20 0 408d5000 
_C_17e8_5a27b147_99 8c 0 210 0 0 3d202568 0 636f6c20 0 6d756d20 0 4d617869 0 742e2020 0 65786973 0 6e6f7420 0 6f657320 0 25682064 0 6c203d20 0 3a20636f 0 4e494e47 0 20574152 0 65202574 0 2074696d 0 3a206174 0 256d 
_C_17e8_5a27b147_56 8c 0 1f8 0 0 656c6564 0 206d6f64 0 756c6c79 0 6f742066 0 6973206e 0 6f646520 0 6666206d 0 4c4c206f 0 25642044 0 20257320 0 494e473a 0 5741524e 0 20257420 0 74696d65 0 20617420 0 256d3a 
_C_17e8_5a27b147_d7 8c 0 1c8 0 0 79202574 0 25642062 0 62697420 0 44515320 0 206f6e20 0 74696f6e 0 696f6c61 0 53482076 0 20744451 0 524f523a 0 74204552 0 6d652025 0 74207469 0 6d3a2061 0 25 
_C_17e8_5a27b147_12 8c 0 130 0 0 62616e6b 0 69766520 0 20616374 0 66726f6d 0 6e6f7020 0 72656420 0 69676765 0 3a207472 0 6e74726c 0 963 
_C_17e8_5a27b147_6 8c 0 150 0 0 7465642e 0 73736572 0 6e642041 0 6f6d6d61 0 6b732043 0 2d62616e 0 2d616c6c 0 61726765 0 72656368 0 623a2050 0 974 
_C_17e8_5a27b147_24 8c 0 178 0 0 67202573 0 7572696e 0 6f6e2064 0 6c617469 0 2076696f 0 20745250 0 523a2020 0 4552524f 0 20257420 0 74696d65 0 20617420 0 256d3a 
_C_17e8_5a27b147_13e 9c 0 20 0 40000000 
_C_17e8_5a27b147_138 9c 0 20 8f5c28f6 3fe0f5c2 
_C_17e8_5a27b147_2d 8c 0 1d0 0 0 6b202564 0 2062616e 0 7320746f 0 6e672025 0 64757269 0 696f6e20 0 6f6c6174 0 44207669 0 20744343 0 4f523a20 0 20455252 0 65202574 0 2074696d 0 3a206174 0 256d 
_C_17e8_5a27b147_2a 8c 0 178 0 0 67202573 0 7572696e 0 6f6e2064 0 6c617469 0 2076696f 0 20745243 0 523a2020 0 4552524f 0 20257420 0 74696d65 0 20617420 0 256d3a 
_C_17e8_5a27b147_6e 8c 0 200 0 0 20302d33 0 42616e6b 0 68203d20 0 66726573 0 66205265 0 2053656c 0 72726179 0 616c2041 0 61727469 0 25642050 0 20257320 0 4e464f3a 0 25742049 0 696d6520 0 61742074 0 256d3a20 
_C_17e8_5a27b147_6f 8c 0 200 0 0 20302d31 0 42616e6b 0 68203d20 0 66726573 0 66205265 0 2053656c 0 72726179 0 616c2041 0 61727469 0 25642050 0 20257320 0 4e464f3a 0 25742049 0 696d6520 0 61742074 0 256d3a20 
_C_17e8_5a27b147_9f 8c 0 2f0 0 0 72656164 0 74657220 0 65676973 0 73652052 0 7572706f 0 6c746970 0 38204d75 0 6120424c 0 696e6720 0 20647572 0 62303030 0 6f203327 0 65742074 0 62652073 0 75737420 0 305d206d 0 6c5b323a 0 3a20636f 0 4e494e47 0 20574152 0 65202574 0 2074696d 0 3a206174 0 256d 
_C_17e8_5a27b147_6d 8c 0 200 0 0 20302d37 0 42616e6b 0 68203d20 0 66726573 0 66205265 0 2053656c 0 72726179 0 616c2041 0 61727469 0 25642050 0 20257320 0 4e464f3a 0 25742049 0 696d6520 0 61742074 0 256d3a20 
_C_17e8_5a27b147_104 8c 0 158 0 0 6b202564 0 2062616e 0 61726765 0 72656368 0 746f2050 0 3a204175 0 494e464f 0 20257420 0 74696d65 0 20617420 0 256d3a 
_C_17e8_5a27b147_f5 8c 0 1e0 0 0 74696f6e 0 616e7369 0 54207472 0 67204f44 0 7572696e 0 6f6e2064 0 6c617469 0 2076696f 0 44544838 0 3a20204f 0 52524f52 0 25742045 0 696d6520 0 61742074 0 256d3a20 
_C_17e8_5a27b147_f4 8c 0 1e0 0 0 74696f6e 0 616e7369 0 54207472 0 67204f44 0 7572696e 0 6f6e2064 0 6c617469 0 2076696f 0 44544834 0 3a20204f 0 52524f52 0 25742045 0 696d6520 0 61742074 0 256d3a20 
_C_17e8_5a27b147_c3 8c 0 2c0 0 0 72696f64 0 6b207065 0 636c6f63 0 696e6720 0 65636564 0 65207072 0 67207468 0 7572696e 0 65642064 0 71756972 0 65207265 0 20656467 0 68696e67 0 6c617463 0 20256420 0 20626974 0 3a202573 0 52524f52 0 25742045 0 696d6520 0 61742074 0 256d3a20 
_C_17e8_5a27b147_25 8c 0 210 0 0 6b202564 0 2062616e 0 7320746f 0 6e672025 0 64757269 0 696f6e20 0 6f6c6174 0 6d207669 0 78696d75 0 53206d61 0 20745241 0 4f523a20 0 20455252 0 65202574 0 2074696d 0 3a206174 0 256d 
_C_17e8_5a27b147_fe 8c 0 218 0 0 3d202566 0 76672920 0 434b2861 0 6c204074 0 6c656761 0 7320696c 0 25642069 0 79203d20 0 6f766572 0 20526563 0 72697465 0 523a2057 0 4552524f 0 20257420 0 74696d65 0 20617420 0 256d3a 
_C_17e8_5a27b147_112 8c 0 1d0 0 0 2070732e 0 79202566 0 6f6e2062 0 6c617469 0 2076696f 0 696d756d 0 206d696e 0 61766729 0 74434b28 0 4f523a20 0 20455252 0 65202574 0 2074696d 0 3a206174 0 256d 
_C_17e8_5a27b147_b6 8c 0 268 0 0 72657368 0 20526566 0 53656c66 0 72617920 0 6c204172 0 72746961 0 6f205061 0 75652074 0 73742064 0 65206c6f 0 6c6c2062 0 33207769 0 7320302d 0 42616e6b 0 464f3a20 0 7420494e 0 6d652025 0 74207469 0 6d3a2061 0 25 
_C_17e8_5a27b147_4 94 0 20 0 0 400 
_C_17e8_5a27b147_ed 8c 0 1f0 0 0 696f6e2e 0 6e736974 0 20747261 0 204f4454 0 72696e67 0 6e206475 0 6174696f 0 76696f6c 0 4c4c4b20 0 3a207444 0 4e494e47 0 20574152 0 65202574 0 2074696d 0 3a206174 0 256d 
_C_17e8_5a27b147_253 8c 0 38 0 0 4e202020 0 57455f 
_C_17e8_5a27b147_96 8c 0 1e8 0 0 6b202564 0 2062616e 0 7320746f 0 6e672025 0 64757269 0 696f6e20 0 6f6c6174 0 47207669 0 54575f44 0 20207452 0 524f523a 0 74204552 0 6d652025 0 74207469 0 6d3a2061 0 25 
_C_17e8_5a27b147_67 8c 0 188 0 0 626c6564 0 44697361 0 65203d20 0 6e61626c 0 51532045 0 64205444 0 25732025 0 464f3a20 0 7420494e 0 6d652025 0 74207469 0 6d3a2061 0 25 
_C_17e8_5a27b147_fd 8c 0 188 0 0 79202574 0 25732062 0 206f6e20 0 74696f6e 0 696f6c61 0 49532076 0 20202074 0 524f523a 0 74204552 0 6d652025 0 74207469 0 6d3a2061 0 25 
_C_17e8_5a27b147_dd 8c 0 110 0 0 2530732e 0 696e6720 0 6f70656e 0 464f3a20 0 7420494e 0 65202530 0 2074696d 0 3a206174 0 256d 
_C_17e8_5a27b147_87 8c 0 208 0 0 626c6564 0 20456e61 0 6c65203d 0 456e6162 0 74657220 0 65676973 0 73652052 0 7572706f 0 6c746950 0 64204d75 0 25732025 0 464f3a20 0 7420494e 0 6d652025 0 74207469 0 6d3a2061 0 25 
_C_17e8_5a27b147_11a 8c 0 188 0 0 79202574 0 44542062 0 6f6e204f 0 696f6e20 0 6f6c6174 0 48207669 0 20207449 0 524f523a 0 74204552 0 6d652025 0 74207469 0 6d3a2061 0 25 
_C_17e8_5a27b147_c6 8c 0 230 0 0 3d202568 0 61746120 0 25682064 0 6c203d20 0 6820636f 0 203d2025 0 20726f77 0 3d202568 0 616e6b20 0 533d2062 0 40204451 0 45414420 0 4f3a2052 0 20494e46 0 65202574 0 2074696d 0 3a206174 0 256d 
_C_17e8_5a27b147_46 8c 0 1a8 0 0 3d202564 0 67746820 0 204c656e 0 75727374 0 616c2042 0 6c6c6567 0 25642049 0 20257320 0 524f523a 0 74204552 0 6d652025 0 74207469 0 6d3a2061 0 25 
_C_17e8_5a27b147_d9 8c 0 188 0 0 74202564 0 73206269 0 6f6e2025 0 696f6e20 0 6f6c6174 0 48207669 0 20744453 0 524f523a 0 74204552 0 6d652025 0 74207469 0 6d3a2061 0 25 
_C_17e8_5a27b147_26a 84 0 400 0 0 2f746d70 0 0 0 0 0 0 0 0 0 0 0 0 0 0 0 0 0 0 0 0 0 0 0 0 0 0 0 0 0 0 0 0 0 0 0 0 0 0 0 0 0 0 0 0 0 0 0 0 0 0 0 0 0 0 0 0 0 0 0 0 0 0 
_C_17e8_5a27b147_16c 9c 0 20 b0000000 422bf08e 
_C_17e8_5a27b147_b2 8c 0 268 0 0 72657368 0 20526566 0 53656c66 0 72617920 0 6c204172 0 72746961 0 6f205061 0 75652074 0 73742064 0 65206c6f 0 6c6c2062 0 37207769 0 7320342d 0 42616e6b 0 464f3a20 0 7420494e 0 6d652025 0 74207469 0 6d3a2061 0 25 
_C_17e8_5a27b147_b3 8c 0 268 0 0 72657368 0 20526566 0 53656c66 0 72617920 0 6c204172 0 72746961 0 6f205061 0 75652074 0 73742064 0 65206c6f 0 6c6c2062 0 37207769 0 7320322d 0 42616e6b 0 464f3a20 0 7420494e 0 6d652025 0 74207469 0 6d3a2061 0 25 
_C_17e8_5a27b147_179 94 0 40 0 0 118 0 0 
_C_17e8_5a27b147_da 8c 0 50 0 0 2e253064 0 732f256d 0 2530 
_C_17e8_5a27b147_f9 8c 0 278 0 0 6665722e 0 72616e73 0 74612074 0 64206461 0 20526561 0 72696e67 0 46206475 0 65204f46 0 73742062 0 6e206d75 0 6174696f 0 726d696e 0 65205465 0 6e204469 0 523a204f 0 4552524f 0 20257420 0 74696d65 0 20617420 0 256d3a 
_C_17e8_5a27b147_53 8c 0 1a0 0 0 206f6666 0 20444c4c 0 6465203d 0 6e204d6f 0 20446f77 0 6f776572 0 25642050 0 20257320 0 4e464f3a 0 25742049 0 696d6520 0 61742074 0 256d3a20 
_C_17e8_5a27b147_bc 8c 0 160 0 0 6e746572 0 776e2045 0 7220446f 0 506f7765 0 69766520 0 20416374 0 4e464f3a 0 25742049 0 696d6520 0 61742074 0 256d3a20 
_C_17e8_5a27b147_24e 8c 0 48 0 0 6f776e20 0 77722044 0 50 
_C_17e8_5a27b147_256 8c 0 38 0 0 32202020 0 424120 
_C_17e8_5a27b147_cf 8c 0 158 0 0 3d202562 0 20636b20 0 20445153 0 6e672040 0 76656c69 0 65204c65 0 57726974 0 20257420 0 74696d65 0 20617420 0 256d3a 
_C_17e8_5a27b147_80 8c 0 228 0 0 6c65642e 0 656e6162 0 20697320 0 20415352 0 7768656e 0 6f203020 0 65742074 0 62652073 0 75737420 0 5254206d 0 25642053 0 20257320 0 524f523a 0 74204552 0 6d652025 0 74207469 0 6d3a2061 0 25 
_C_17e8_5a27b147_1e 8c 0 10 0 0 257a 
_C_17e8_5a27b147_110 8c 0 198 0 0 2070732e 0 79202566 0 6f6e2062 0 6c617469 0 2076696f 0 70657229 0 4a495428 0 523a2074 0 4552524f 0 20257420 0 74696d65 0 20617420 0 256d3a 
_C_17e8_5a27b147_82 8c 0 198 0 0 204f686d 0 3d202564 0 52747420 0 4f445420 0 6d696320 0 44796e61 0 20256420 0 3a202573 0 494e464f 0 20257420 0 74696d65 0 20617420 0 256d3a 
_C_17e8_5a27b147_1d 8c 0 140 0 0 696c6564 0 64206661 0 746f2025 0 65656b20 0 3a206673 0 52524f52 0 25742045 0 696d6520 0 61742074 0 256d3a20 
_C_17e8_5a27b147_dc 8c 0 150 0 0 2530732e 0 70656e20 0 746f206f 0 6c656420 0 20666169 0 524f523a 0 74204552 0 65202530 0 2074696d 0 3a206174 0 256d 
_C_17e8_5a27b147_d1 8c 0 190 0 0 74202564 0 73206269 0 6f6e2025 0 696f6e20 0 6f6c6174 0 54207669 0 74575053 0 4f523a20 0 20455252 0 65202574 0 2074696d 0 3a206174 0 256d 
_C_17e8_5a27b147_52 8c 0 198 0 0 4c206f6e 0 3d20444c 0 6f646520 0 776e204d 0 7220446f 0 506f7765 0 20256420 0 3a202573 0 494e464f 0 20257420 0 74696d65 0 20617420 0 256d3a 
_C_17e8_5a27b147_a3 8c 0 120 0 0 45786974 0 6f776e20 0 65722044 0 20506f77 0 4e464f3a 0 25742049 0 696d6520 0 61742074 0 256d3a20 
_C_17e8_5a27b147_161 9c 0 20 0 405bc000 
_C_17e8_5a27b147_16a 9c 0 20 0 40a9c800 
_C_17e8_5a27b147_d3 8c 0 1b0 0 0 79202574 0 25642062 0 62697420 0 20444d20 0 6e206f6e 0 6174696f 0 76696f6c 0 74445320 0 4f523a20 0 20455252 0 65202574 0 2074696d 0 3a206174 0 256d 
_C_17e8_5a27b147_57 8c 0 178 0 0 626c6564 0 20456e61 0 6c65203d 0 456e6162 0 444c4c20 0 20256420 0 3a202573 0 494e464f 0 20257420 0 74696d65 0 20617420 0 256d3a 
_C_17e8_5a27b147_255 8c 0 38 0 0 31202020 0 424120 
_C_17e8_5a27b147_39 8c 0 160 0 0 20434b45 0 6e206f6e 0 6174696f 0 76696f6c 0 434b4520 0 3a202074 0 52524f52 0 25742045 0 696d6520 0 61742074 0 256d3a20 
_C_17e8_5a27b147_261 8c 0 38 0 0 52203130 0 414444 
_C_17e8_5a27b147_262 8c 0 38 0 0 52203131 0 414444 
_C_17e8_5a27b147_263 8c 0 38 0 0 52203132 0 414444 
_C_17e8_5a27b147_264 8c 0 38 0 0 52203133 0 414444 
_C_17e8_5a27b147_76 8c 0 188 0 0 3d202564 0 6e637920 0 4c617465 0 69746520 0 53205772 0 64204341 0 25732025 0 464f3a20 0 7420494e 0 6d652025 0 74207469 0 6d3a2061 0 25 
_C_17e8_5a27b147_265 8c 0 38 0 0 52203134 0 414444 
_C_17e8_5a27b147_266 8c 0 38 0 0 52203135 0 414444 
_C_17e8_5a27b147_267 8c 0 38 0 0 52203136 0 414444 
_C_17e8_5a27b147_e3 8c 0 18 0 0 207073 
_C_17e8_5a27b147_4d 8c 0 168 0 0 726d616c 0 3d204e6f 0 73657420 0 4c205265 0 6420444c 0 25732025 0 464f3a20 0 7420494e 0 6d652025 0 74207469 0 6d3a2061 0 25 
_C_17e8_5a27b147_21 8c 0 178 0 0 67202573 0 7572696e 0 6f6e2064 0 6c617469 0 2076696f 0 74524643 0 523a2020 0 4552524f 0 20257420 0 74696d65 0 20617420 0 256d3a 
_C_17e8_5a27b147_44 8c 0 1c0 0 0 20413132 0 20766961 0 6c656374 0 3d205365 0 67746820 0 204c656e 0 75727374 0 25642042 0 20257320 0 4e464f3a 0 25742049 0 696d6520 0 61742074 0 256d3a20 
_C_17e8_5a27b147_22 8c 0 198 0 0 67202573 0 7572696e 0 6f6e2064 0 6c617469 0 2076696f 0 5044454e 0 74524546 0 523a2020 0 4552524f 0 20257420 0 74696d65 0 20617420 0 256d3a 
_C_17e8_5a27b147_69 8c 0 1a0 0 0 3d202564 0 626c6520 0 20456e61 0 54445153 0 67616c20 0 496c6c65 0 20256420 0 3a202573 0 52524f52 0 25742045 0 696d6520 0 61742074 0 256d3a20 
_C_17e8_5a27b147_163 9c 0 20 0 405e4000 
_C_17e8_5a27b147_4e 8c 0 180 0 0 20444c4c 0 65736574 0 203d2052 0 65736574 0 4c4c2052 0 25642044 0 20257320 0 4e464f3a 0 25742049 0 696d6520 0 61742074 0 256d3a20 
_C_17e8_5a27b147_143 9c 0 20 0 409d4c00 
_C_17e8_5a27b147_101 8c 0 178 0 0 67202573 0 7572696e 0 6f6e2064 0 6c617469 0 2076696f 0 74524344 0 523a2020 0 4552524f 0 20257420 0 74696d65 0 20617420 0 256d3a 
_C_17e8_5a27b147_15 8c 0 58 0 0 206e6f70 0 74726c3a 0 9636e 
_C_17e8_5a27b147_f0 8c 0 1e8 0 0 74696f6e 0 616e7369 0 54207472 0 67204f44 0 7572696e 0 6f6e2064 0 6c617469 0 2076696f 0 6f706572 0 20545a51 0 524f523a 0 74204552 0 6d652025 0 74207469 0 6d3a2061 0 25 
_C_17e8_5a27b147_49 8c 0 1a0 0 0 3d202564 0 64657220 0 74204f72 0 42757273 0 67616c20 0 496c6c65 0 20256420 0 3a202573 0 52524f52 0 25742045 0 696d6520 0 61742074 0 256d3a20 
_C_17e8_5a27b147_e8 8c 0 1e8 0 0 79202574 0 4c4b2062 0 6f6e2043 0 696f6e20 0 6f6c6174 0 6d207669 0 6e696d75 0 29206d69 0 28616273 0 20744348 0 524f523a 0 74204552 0 6d652025 0 74207469 0 6d3a2061 0 25 
_C_17e8_5a27b147_97 8c 0 1e8 0 0 7465642e 0 74697661 0 65204163 0 73742062 0 64206d75 0 6e6b2025 0 20204261 0 7572652e 0 4661696c 0 20257320 0 524f523a 0 74204552 0 6d652025 0 74207469 0 6d3a2061 0 25 
_C_17e8_5a27b147_f 8c 0 e8 0 0 54415445 0 55502053 0 57455220 0 4e20504f 0 4f572049 0 6c3a204e 0 636e7472 0 9 
_C_17e8_5a27b147_114 8c 0 1e8 0 0 79202574 0 4c4b2062 0 6f6e2043 0 696f6e20 0 6f6c6174 0 6d207669 0 6e696d75 0 29206d69 0 28616273 0 2074434c 0 524f523a 0 74204552 0 6d652025 0 74207469 0 6d3a2061 0 25 
_C_17e8_5a27b147_135 9c 0 20 0 40490000 
_C_17e8_5a27b147_251 8c 0 38 0 0 5f4e2020 0 524153 
_C_17e8_5a27b147_111 8c 0 190 0 0 2070732e 0 79202566 0 6f6e2062 0 6c617469 0 2076696f 0 28636329 0 744a4954 0 4f523a20 0 20455252 0 65202574 0 2074696d 0 3a206174 0 256d 
_C_17e8_5a27b147_d2 8c 0 190 0 0 74202564 0 73206269 0 6f6e2025 0 696f6e20 0 6f6c6174 0 4c207669 0 74445153 0 4f523a20 0 20455252 0 65202574 0 2074696d 0 3a206174 0 256d 
_C_17e8_5a27b147_d0 8c 0 190 0 0 74202564 0 73206269 0 6f6e2025 0 696f6e20 0 6f6c6174 0 45207669 0 74575052 0 4f523a20 0 20455252 0 65202574 0 2074696d 0 3a206174 0 256d 
_C_17e8_5a27b147_41 8c 0 d0 0 0 73202564 0 4f3a2025 0 20494e46 0 65202574 0 2074696d 0 3a206174 0 256d 
_C_17e8_5a27b147_137 9c 0 20 e147ae14 3fde147a 
_C_17e8_5a27b147_254 8c 0 38 0 0 30202020 0 424120 
_C_17e8_5a27b147_66 8c 0 1d8 0 0 3d202564 0 696f6e20 0 697a6174 0 6576656c 0 7465204c 0 20577269 0 6567616c 0 20496c6c 0 73202564 0 523a2025 0 4552524f 0 20257420 0 74696d65 0 20617420 0 256d3a 
_C_17e8_5a27b147_167 9c 0 20 0 4060c000 
_C_17e8_5a27b147_e1 94 0 20 0 0 fffffff4 
_C_17e8_5a27b147_79 8c 0 1b0 0 0 626c6564 0 20456e61 0 7368203d 0 65667265 0 6c662052 0 6f205365 0 20417574 0 73202564 0 4f3a2025 0 20494e46 0 65202574 0 2074696d 0 3a206174 0 256d 
_C_17e8_5a27b147_a8 8c 0 130 0 0 45786974 0 65736820 0 52656672 0 656c6620 0 4f3a2053 0 20494e46 0 65202574 0 2074696d 0 3a206174 0 256d 
_C_17e8_5a27b147_4f 8c 0 190 0 0 3d202564 0 73657420 0 4c205265 0 6c20444c 0 6c656761 0 6420496c 0 25732025 0 4f523a20 0 20455252 0 65202574 0 2074696d 0 3a206174 0 256d 
_C_17e8_5a27b147_89 8c 0 270 0 0 6f64652e 0 6e67206d 0 76656c69 0 65204c65 0 57726974 0 696e6720 0 20647572 0 61626c65 0 7661696c 0 6f742061 0 6973206e 0 4f445420 0 6d696320 0 44796e61 0 4f523a20 0 20455252 0 65202574 0 2074696d 0 3a206174 0 256d 
_C_17e8_5a27b147_250 8c 0 38 0 0 4e202020 0 43535f 
_C_17e8_5a27b147_a1 8c 0 1e8 0 0 45786974 0 6f776e20 0 65722044 0 20506f77 0 72696e67 0 6e206475 0 6174696f 0 76696f6c 0 53525820 0 2074434b 0 524f523a 0 74204552 0 6d652025 0 74207469 0 6d3a2061 0 25 
_C_17e8_5a27b147_205 9c 0 20 cccccccd 3fdccccc 
_C_17e8_5a27b147_62 8c 0 1a8 0 0 2d202564 0 20434c20 0 6379203d 0 6174656e 0 7665204c 0 64697469 0 64204164 0 25732025 0 464f3a20 0 7420494e 0 6d652025 0 74207469 0 6d3a2061 0 25 
_C_17e8_5a27b147_ce 8c 0 350 0 0 626c652e 0 6f737369 0 69732070 0 75726520 0 63617074 0 20434b20 0 6e617465 0 65726d69 0 6e646574 0 2e202049 0 65646765 0 69766520 0 6f736974 0 25642070 0 62697420 0 44515320 0 206f6e20 0 74696f6e 0 696f6c61 0 4c532076 0 3a207457 0 4e494e47 0 20574152 0 65202574 0 2074696d 0 3a206174 0 256d 
_C_17e8_5a27b147_4a 8c 0 158 0 0 3d202564 0 6e637920 0 4c617465 0 43415320 0 20256420 0 3a202573 0 494e464f 0 20257420 0 74696d65 0 20617420 0 256d3a 
_C_17e8_5a27b147_ca 8c 0 1c0 0 0 79202574 0 25642062 0 62697420 0 20444d20 0 6e206f6e 0 6174696f 0 76696f6c 0 49505720 0 3a207444 0 52524f52 0 25742045 0 696d6520 0 61742074 0 256d3a20 
_C_17e8_5a27b147_16f 9c 0 20 0 40f38800 
_C_17e8_5a27b147_88 8c 0 228 0 0 3d202564 0 626c6520 0 20456e61 0 73746572 0 52656769 0 6f736520 0 50757270 0 756c7469 0 616c204d 0 6c6c6567 0 25642049 0 20257320 0 524f523a 0 74204552 0 6d652025 0 74207469 0 6d3a2061 0 25 
_C_17e8_5a27b147_cd 8c 0 218 0 0 6467652e 0 76652065 0 73697469 0 6420706f 0 69742025 0 51532062 0 6f6e2044 0 696f6e20 0 6f6c6174 0 44207669 0 574c4d52 0 523a2074 0 4552524f 0 20257420 0 74696d65 0 20617420 0 256d3a 
_C_17e8_5a27b147_160 9c 0 20 0 405a4000 
_C_17e8_5a27b147_3a 8c 0 178 0 0 67202573 0 7572696e 0 6f6e2064 0 6c617469 0 2076696f 0 20745853 0 523a2020 0 4552524f 0 20257420 0 74696d65 0 20617420 0 256d3a 
_C_17e8_5a27b147_f7 8c 0 1f0 0 0 204f686d 0 3d202564 0 4e4f4d20 0 5274745f 0 696f6e20 0 696e6174 0 5465726d 0 44696520 0 204f6e20 0 73796e63 0 4f3a2041 0 20494e46 0 65202574 0 2074696d 0 3a206174 0 256d 
_C_17e8_5a27b147_bb 8c 0 298 0 0 6574652e 0 6f6d706c 0 6f742063 0 6973206e 0 6e636520 0 65717565 0 6f6e2073 0 7a617469 0 69616c69 0 496e6974 0 652e2020 0 696c7572 0 6e204661 0 20446f77 0 6f776572 0 523a2050 0 4552524f 0 20257420 0 74696d65 0 20617420 0 256d3a 
_C_17e8_5a27b147_37 8c 0 178 0 0 67202573 0 7572696e 0 6f6e2064 0 6c617469 0 2076696f 0 20745850 0 523a2020 0 4552524f 0 20257420 0 74696d65 0 20617420 0 256d3a 
_C_17e8_5a27b147_29 8c 0 1e8 0 0 6b202564 0 2062616e 0 7320746f 0 6e672025 0 64757269 0 696f6e20 0 6f6c6174 0 47207669 0 52445f44 0 20207452 0 524f523a 0 74204552 0 6d652025 0 74207469 0 6d3a2061 0 25 
_C_17e8_5a27b147_65 8c 0 1b8 0 0 626c6564 0 20456e61 0 6f6e203d 0 7a617469 0 76656c69 0 65204c65 0 57726974 0 20256420 0 3a202573 0 494e464f 0 20257420 0 74696d65 0 20617420 0 256d3a 
_C_17e8_5a27b147_28 8c 0 1d0 0 0 6b202564 0 2062616e 0 7320746f 0 6e672025 0 64757269 0 696f6e20 0 6f6c6174 0 44207669 0 20745252 0 4f523a20 0 20455252 0 65202574 0 2074696d 0 3a206174 0 256d 
_C_17e8_5a27b147_94 8c 0 130 0 0 77202568 0 6420726f 0 6e6b2025 0 73206261 0 4f3a2025 0 20494e46 0 65202574 0 2074696d 0 3a206174 0 256d 
_C_17e8_5a27b147_24c 8c 0 48 0 0 20202020 0 51202020 0 5a 
_C_17e8_5a27b147_a2 8c 0 210 0 0 45786974 0 6f776e20 0 65722044 0 20506f77 0 72696e67 0 6e206475 0 6174696f 0 76696f6c 0 6d756d20 0 6d617869 0 74504420 0 4f523a20 0 20455252 0 65202574 0 2074696d 0 3a206174 0 256d 
_C_17e8_5a27b147_45 8c 0 1c8 0 0 686f7029 0 64202863 0 65642025 0 20466978 0 7468203d 0 4c656e67 0 72737420 0 64204275 0 25732025 0 464f3a20 0 7420494e 0 6d652025 0 74207469 0 6d3a2061 0 25 
_C_17e8_5a27b147_df 8c 0 68 0 0 612b2573 0 5f646174 0 6f64656c 0 6d 
_C_17e8_5a27b147_3 94 0 20 0 0 8000 
_C_17e8_5a27b147_165 9c 0 20 0 40600000 
_C_17e8_5a27b147_14a 94 0 40 0 0 1d4c 0 0 
_C_17e8_5a27b147_11d 8c 0 220 0 0 6976652e 0 6e616374 0 65732069 0 4e20676f 0 5253545f 0 68656e20 0 76652077 0 61637469 0 6520696e 0 73742062 0 45206d75 0 3a20434b 0 52524f52 0 25742045 0 696d6520 0 61742074 0 256d3a20 
_C_17e8_5a27b147_246 8c 0 48 0 0 4d6f6465 0 6f616420 0 4c 
_C_17e8_5a27b147_103 8c 0 190 0 0 67202573 0 7572696e 0 6f6e2064 0 6c617469 0 2076696f 0 525f4447 0 20745754 0 4f523a20 0 20455252 0 65202574 0 2074696d 0 3a206174 0 256d 
_C_17e8_5a27b147_47 8c 0 198 0 0 7469616c 0 7175656e 0 3d205365 0 64657220 0 74204f72 0 42757273 0 20256420 0 3a202573 0 494e464f 0 20257420 0 74696d65 0 20617420 0 256d3a 
_C_17e8_5a27b147_2e 8c 0 1d0 0 0 6b202564 0 2062616e 0 7320746f 0 6e672025 0 64757269 0 696f6e20 0 6f6c6174 0 52207669 0 20745754 0 4f523a20 0 20455252 0 65202574 0 2074696d 0 3a206174 0 256d 
_C_17e8_5a27b147_ae 8c 0 250 0 0 6765642e 0 63686172 0 20507265 0 74206265 0 206d7573 0 616e6b73 0 6c6c2062 0 2e202041 0 6c757265 0 20466169 0 72657368 0 20526566 0 53656c66 0 4f523a20 0 20455252 0 65202574 0 2074696d 0 3a206174 0 256d 
_C_17e8_5a27b147_118 8c 0 188 0 0 79202574 0 4b452062 0 6f6e2043 0 696f6e20 0 6f6c6174 0 48207669 0 20207449 0 524f523a 0 74204552 0 6d652025 0 74207469 0 6d3a2061 0 25 
_C_17e8_5a27b147_ef 8c 0 1e8 0 0 74696f6e 0 616e7369 0 54207472 0 67204f44 0 7572696e 0 6f6e2064 0 6c617469 0 2076696f 0 696e6974 0 20545a51 0 524f523a 0 74204552 0 6d652025 0 74207469 0 6d3a2061 0 25 
_C_17e8_5a27b147_8c 8c 0 d8 0 0 20416c6c 0 3a202573 0 494e464f 0 20257420 0 74696d65 0 20617420 0 256d3a 
_C_17e8_5a27b147_7f 8c 0 208 0 0 3d202564 0 75726520 0 65726174 0 54656d70 0 65736820 0 52656672 0 656c6620 0 616c2053 0 6c6c6567 0 25642049 0 20257320 0 524f523a 0 74204552 0 6d652025 0 74207469 0 6d3a2061 0 25 
_C_17e8_5a27b147_30 8c 0 1e8 0 0 6b202564 0 2062616e 0 7320746f 0 6e672025 0 64757269 0 696f6e20 0 6f6c6174 0 47207669 0 54525f44 0 20207457 0 524f523a 0 74204552 0 6d652025 0 74207469 0 6d3a2061 0 25 
_C_17e8_5a27b147_10c 8c 0 1a0 0 0 2070732e 0 79202566 0 6f6e2062 0 6c617469 0 2076696f 0 70657229 0 52522839 0 3a207445 0 52524f52 0 25742045 0 696d6520 0 61742074 0 256d3a20 
_C_17e8_5a27b147_10b 8c 0 1a0 0 0 2070732e 0 79202566 0 6f6e2062 0 6c617469 0 2076696f 0 70657229 0 52522838 0 3a207445 0 52524f52 0 25742045 0 696d6520 0 61742074 0 256d3a20 
_C_17e8_5a27b147_eb 94 0 20 0 0 200 
_C_17e8_5a27b147_10a 8c 0 1a0 0 0 2070732e 0 79202566 0 6f6e2062 0 6c617469 0 2076696f 0 70657229 0 52522837 0 3a207445 0 52524f52 0 25742045 0 696d6520 0 61742074 0 256d3a20 
_C_17e8_5a27b147_109 8c 0 1a0 0 0 2070732e 0 79202566 0 6f6e2062 0 6c617469 0 2076696f 0 70657229 0 52522836 0 3a207445 0 52524f52 0 25742045 0 696d6520 0 61742074 0 256d3a20 
_C_17e8_5a27b147_63 8c 0 1c8 0 0 3d202564 0 6e637920 0 4c617465 0 69766520 0 64646974 0 616c2041 0 6c6c6567 0 25642049 0 20257320 0 524f523a 0 74204552 0 6d652025 0 74207469 0 6d3a2061 0 25 
_C_17e8_5a27b147_108 8c 0 1a0 0 0 2070732e 0 79202566 0 6f6e2062 0 6c617469 0 2076696f 0 70657229 0 52522835 0 3a207445 0 52524f52 0 25742045 0 696d6520 0 61742074 0 256d3a20 
_C_17e8_5a27b147_107 8c 0 1a0 0 0 2070732e 0 79202566 0 6f6e2062 0 6c617469 0 2076696f 0 70657229 0 52522834 0 3a207445 0 52524f52 0 25742045 0 696d6520 0 61742074 0 256d3a20 
_C_17e8_5a27b147_106 8c 0 1a0 0 0 2070732e 0 79202566 0 6f6e2062 0 6c617469 0 2076696f 0 70657229 0 52522833 0 3a207445 0 52524f52 0 25742045 0 696d6520 0 61742074 0 256d3a20 
_C_17e8_5a27b147_105 8c 0 1a0 0 0 2070732e 0 79202566 0 6f6e2062 0 6c617469 0 2076696f 0 70657229 0 52522832 0 3a207445 0 52524f52 0 25742045 0 696d6520 0 61742074 0 256d3a20 
_C_17e8_5a27b147_e6 8c 0 338 0 0 6e67652e 0 20436861 0 656e6379 0 72657175 0 636b2046 0 20436c6f 0 7220746f 0 7072696f 0 6f666620 0 20626520 0 6d757374 0 4f445420 0 652e2020 0 696c7572 0 65204661 0 68616e67 0 63792043 0 7175656e 0 20467265 0 6c6f636b 0 523a2043 0 4552524f 0 20257420 0 74696d65 0 20617420 0 256d3a 
_C_17e8_5a27b147_113 8c 0 1d0 0 0 2070732e 0 79202566 0 6f6e2062 0 6c617469 0 2076696f 0 696d756d 0 206d6178 0 61766729 0 74434b28 0 4f523a20 0 20455252 0 65202574 0 2074696d 0 3a206174 0 256d 
_C_17e8_5a27b147_f8 8c 0 1e8 0 0 204f686d 0 3d202564 0 4e4f4d20 0 5274745f 0 696f6e20 0 696e6174 0 5465726d 0 44696520 0 204f6e20 0 53796e63 0 464f3a20 0 7420494e 0 6d652025 0 74207469 0 6d3a2061 0 25 
_C_17e8_5a27b147_b4 8c 0 268 0 0 72657368 0 20526566 0 53656c66 0 72617920 0 6c204172 0 72746961 0 6f205061 0 75652074 0 73742064 0 65206c6f 0 6c6c2062 0 37207769 0 7320312d 0 42616e6b 0 464f3a20 0 7420494e 0 6d652025 0 74207469 0 6d3a2061 0 25 
_C_17e8_5a27b147_10f 8c 0 1a8 0 0 2070732e 0 79202566 0 6f6e2062 0 6c617469 0 2076696f 0 70657229 0 52283132 0 20744552 0 524f523a 0 74204552 0 6d652025 0 74207469 0 6d3a2061 0 25 
_C_17e8_5a27b147_10e 8c 0 1a8 0 0 2070732e 0 79202566 0 6f6e2062 0 6c617469 0 2076696f 0 70657229 0 52283131 0 20744552 0 524f523a 0 74204552 0 6d652025 0 74207469 0 6d3a2061 0 25 
_C_17e8_5a27b147_fa 8c 0 1e0 0 0 204f686d 0 3d202564 0 5f575220 0 20527474 0 74696f6e 0 6d696e61 0 20546572 0 20446965 0 63204f6e 0 2053796e 0 4e464f3a 0 25742049 0 696d6520 0 61742074 0 256d3a20 
_C_17e8_5a27b147_10d 8c 0 1a8 0 0 2070732e 0 79202566 0 6f6e2062 0 6c617469 0 2076696f 0 70657229 0 52283130 0 20744552 0 524f523a 0 74204552 0 6d652025 0 74207469 0 6d3a2061 0 25 
_C_17e8_5a27b147_16d 9c 0 20 0 41138800 
_C_17e8_5a27b147_a0 8c 0 108 0 0 3d202564 0 6f6e6720 0 2573206c 0 464f3a20 0 7420494e 0 6d652025 0 74207469 0 6d3a2061 0 25 
_C_17e8_5a27b147_164 9c 0 20 0 405f4000 
_C_17e8_5a27b147_84 8c 0 268 0 0 7465726e 0 20706174 0 696e6564 0 2d646566 0 20507265 0 6374203d 0 53656c65 0 74657220 0 65676973 0 73652052 0 7572706f 0 6c746950 0 64204d75 0 25732025 0 464f3a20 0 7420494e 0 6d652025 0 74207469 0 6d3a2061 0 25 
_C_17e8_5a27b147_92 8c 0 210 0 0 3d202568 0 726f7720 0 6d756d20 0 4d617869 0 742e2020 0 65786973 0 6e6f7420 0 6f657320 0 25682064 0 77203d20 0 3a20726f 0 4e494e47 0 20574152 0 65202574 0 2074696d 0 3a206174 0 256d 
_C_17e8_5a27b147_f2 8c 0 1e0 0 0 74696f6e 0 616e7369 0 54207472 0 67204f44 0 7572696e 0 6f6e2064 0 6c617469 0 2076696f 0 53444c4c 0 3a207458 0 52524f52 0 25742045 0 696d6520 0 61742074 0 256d3a20 
_C_17e8_5a27b147_13d 9c 0 20 0 3ff00000 
_C_17e8_5a27b147_c0 8c 0 188 0 0 74202564 0 73206269 0 6f6e2025 0 696f6e20 0 6f6c6174 0 53207669 0 20744453 0 524f523a 0 74204552 0 6d652025 0 74207469 0 6d3a2061 0 25 
_C_17e8_5a27b147_a9 8c 0 238 0 0 6976652e 0 20616374 0 676f6573 0 434b4520 0 68656e20 0 65642077 0 71756972 0 73207265 0 63742069 0 73656c65 0 72204465 0 4f50206f 0 523a204e 0 4552524f 0 20257420 0 74696d65 0 20617420 0 256d3a 
_C_17e8_5a27b147_5 8c 0 120 0 0 7465642e 0 73736572 0 6e642041 0 6f6d6d61 0 74652043 0 74697661 0 6b204163 0 2042616e 0 974623a 
_C_17e8_5a27b147_a6 8c 0 1f8 0 0 45786974 0 65736820 0 52656672 0 656c6620 0 6e672053 0 64757269 0 696f6e20 0 6f6c6174 0 52207669 0 434b4553 0 523a2074 0 4552524f 0 20257420 0 74696d65 0 20617420 0 256d3a 
_C_17e8_5a27b147_9c 8c 0 2e8 0 0 72656164 0 74657220 0 65676973 0 73652052 0 7572706f 0 6c746970 0 34204d75 0 6120424c 0 696e6720 0 20647572 0 27623030 0 746f2032 0 73657420 0 20626520 0 6d757374 0 3a305d20 0 6f6c5b31 0 473a2063 0 524e494e 0 74205741 0 6d652025 0 74207469 0 6d3a2061 0 25 
_C_17e8_5a27b147_73 8c 0 200 0 0 20362d37 0 42616e6b 0 68203d20 0 66726573 0 66205265 0 2053656c 0 72726179 0 616c2041 0 61727469 0 25642050 0 20257320 0 4e464f3a 0 25742049 0 696d6520 0 61742074 0 256d3a20 
_C_17e8_5a27b147_2 8c 0 f0 0 0 72746564 0 41737365 0 616e6420 0 436f6d6d 0 20557020 0 6f776572 0 623a2050 0 974 
_C_17e8_5a27b147_b1 8c 0 138 0 0 6e746572 0 73682045 0 65667265 0 6c662052 0 3a205365 0 494e464f 0 20257420 0 74696d65 0 20617420 0 256d3a 
_C_17e8_5a27b147_6b 8c 0 148 0 0 626c6564 0 20456e61 0 6666203d 0 6420516f 0 25732025 0 464f3a20 0 7420494e 0 6d652025 0 74207469 0 6d3a2061 0 25 
_C_17e8_5a27b147_121 94 0 40 0 0 186a0 0 0 
_C_17e8_5a27b147_59 8c 0 1c8 0 0 204f686d 0 3d202564 0 67746820 0 7472656e 0 76652053 0 20447269 0 74707574 0 64204f75 0 25732025 0 464f3a20 0 7420494e 0 6d652025 0 74207469 0 6d3a2061 0 25 
_C_17e8_5a27b147_2c 8c 0 1d0 0 0 6b202564 0 2062616e 0 7320746f 0 6e672025 0 64757269 0 696f6e20 0 6f6c6174 0 52207669 0 20207457 0 4f523a20 0 20455252 0 65202574 0 2074696d 0 3a206174 0 256d 
_C_17e8_5a27b147_64 8c 0 1c0 0 0 626c6564 0 44697361 0 6e203d20 0 6174696f 0 656c697a 0 204c6576 0 72697465 0 25642057 0 20257320 0 4e464f3a 0 25742049 0 696d6520 0 61742074 0 256d3a20 
_C_17e8_5a27b147_85 8c 0 228 0 0 3d202564 0 65637420 0 2053656c 0 73746572 0 52656769 0 6f736520 0 50757270 0 756c7469 0 616c204d 0 6c6c6567 0 25642049 0 20257320 0 524f523a 0 74204552 0 6d652025 0 74207469 0 6d3a2061 0 25 
_C_17e8_5a27b147_7e 8c 0 228 0 0 656c6564 0 206d6f64 0 206e6f74 0 65206973 0 61747572 0 6d706572 0 68205465 0 66726573 0 66205265 0 2053656c 0 73202564 0 473a2025 0 524e494e 0 74205741 0 6d652025 0 74207469 0 6d3a2061 0 25 
_C_17e8_5a27b147_13 8c 0 160 0 0 55524544 0 4e464947 0 5920434f 0 46554c4c 0 43455353 0 20535543 0 20534554 0 20524547 0 4d4f4445 0 726c3a20 0 9636e74 
_C_17e8_5a27b147_c5 8c 0 240 0 0 3d202562 0 61746120 0 2c202064 0 3d202564 0 636f6c20 0 25642c20 0 74657220 0 65676973 0 73652052 0 7572706f 0 6c746950 0 53204d75 0 40204451 0 45414420 0 25742052 0 696d6520 0 61742074 0 256d3a20 
